    X       Y       Z       Ex.r       Ex.i       Ey.r       Ey.i       Ez.r       Ez.i       |E|^2
-2,00000e+000  0,00000e+000  0,00000e+000  1,00033e+000 -1,45426e-003  2,42102e-018  1,73472e-018  7,12156e-003  1,45291e-003  1,00036e+000
-1,97990e+000  0,00000e+000  0,00000e+000  9,99865e-001 -1,51551e-003  2,69718e-018  1,21867e-019  7,29569e-003 -8,12120e-004  9,99893e-001
-1,95980e+000  0,00000e+000  0,00000e+000  9,99395e-001 -1,43005e-003  2,48034e-018 -1,55865e-018  6,76126e-003 -3,04357e-003  9,99423e-001
-1,93970e+000  0,00000e+000  0,00000e+000  9,98964e-001 -1,20015e-003  1,61287e-018 -1,55877e-018  5,55593e-003 -5,02340e-003  9,98993e-001
-1,91960e+000  0,00000e+000  0,00000e+000  9,98618e-001 -8,42272e-004  1,73484e-018 -1,54013e-018  3,78337e-003 -6,55355e-003  9,98647e-001
-1,89950e+000  0,00000e+000  0,00000e+000  9,98393e-001 -3,86101e-004  1,35525e-020 -2,39393e-018  1,60450e-003 -7,47563e-003  9,98422e-001
-1,87940e+000  0,00000e+000  0,00000e+000  9,98317e-001  1,27834e-004 -1,12497e-022 -2,85981e-018 -7,76892e-004 -7,68704e-003  9,98346e-001
-1,85930e+000  0,00000e+000  0,00000e+000  9,98403e-001  6,51594e-004 -1,61286e-018 -2,48034e-018 -3,13302e-003 -7,15210e-003  9,98433e-001
-1,83920e+000  0,00000e+000  0,00000e+000  9,98650e-001  1,13421e-003 -1,55876e-018 -1,61287e-018 -5,23370e-003 -5,90699e-003  9,98682e-001
-1,81910e+000  0,00000e+000  0,00000e+000  9,99042e-001  1,52649e-003 -2,40580e-018 -1,73473e-018 -6,86866e-003 -4,05767e-003  9,99075e-001
-1,79899e+000  0,00000e+000  0,00000e+000  9,99546e-001  1,78585e-003 -2,85304e-018 -1,08420e-019 -7,86830e-003 -1,77120e-003  9,99580e-001
-1,77889e+000  0,00000e+000  0,00000e+000  1,00012e+000  1,88079e-003 -2,85303e-018 -1,08314e-019 -8,12111e-003  7,39188e-004  1,00015e+000
-1,75879e+000  0,00000e+000  0,00000e+000  1,00070e+000  1,79444e-003 -2,48034e-018 -2,30280e-019 -7,58569e-003  3,23371e-003  1,00074e+000
-1,73869e+000  0,00000e+000  0,00000e+000  1,00125e+000  1,52685e-003 -1,61287e-018  3,23927e-018 -6,29640e-003  5,46876e-003  1,00128e+000
-1,71859e+000  0,00000e+000  0,00000e+000  1,00170e+000  1,09579e-003 -1,72128e-018  2,39225e-018 -4,36172e-003  7,22038e-003  1,00173e+000
-1,69849e+000  0,00000e+000  0,00000e+000  1,00200e+000  5,35845e-004 -1,74828e-018  2,82425e-018 -1,95540e-003  8,30651e-003  1,00203e+000
-1,67839e+000  0,00000e+000  0,00000e+000  1,00211e+000 -1,04174e-004 -1,21867e-019  3,06987e-018  6,98890e-004  8,60556e-003  1,00215e+000
-1,65829e+000  0,00000e+000  0,00000e+000  1,00203e+000 -7,65260e-004  1,61286e-018  3,34770e-018  3,34804e-003  8,06966e-003  1,00207e+000
-1,63819e+000  0,00000e+000  0,00000e+000  1,00174e+000 -1,38347e-003  3,28661e-018  1,61298e-018  5,73341e-003  6,73103e-003  1,00178e+000
-1,61809e+000  0,00000e+000  0,00000e+000  1,00126e+000 -1,89587e-003  3,22911e-018  1,61276e-018  7,61577e-003  4,70076e-003  1,00130e+000
-1,59799e+000  0,00000e+000  0,00000e+000  1,00064e+000 -2,24673e-003  3,24354e-018  1,32074e-023  8,79897e-003  2,16000e-003  1,00068e+000
-1,57789e+000  0,00000e+000  0,00000e+000  9,99915e-001 -2,39327e-003  3,34095e-018  1,21973e-019  9,15004e-003 -6,55944e-004  9,99960e-001
-1,55779e+000  0,00000e+000  0,00000e+000  9,99164e-001 -2,31046e-003  3,34092e-018  2,43840e-019  8,61365e-003 -3,47908e-003  9,99210e-001
-1,53769e+000  0,00000e+000  0,00000e+000  9,98457e-001 -1,99440e-003  3,34770e-018 -1,49767e-018  7,21944e-003 -6,03388e-003  9,98503e-001
-1,51759e+000  0,00000e+000  0,00000e+000  9,97865e-001 -1,46376e-003  1,73484e-018 -1,49444e-018  5,08133e-003 -8,06384e-003  9,97911e-001
-1,49749e+000  0,00000e+000  0,00000e+000  9,97452e-001 -7,59179e-004  1,32058e-023 -4,09566e-018  2,38861e-003 -9,35682e-003  9,97499e-001
-1,47739e+000  0,00000e+000  0,00000e+000  9,97269e-001  5,95029e-005  1,08420e-019 -3,55104e-018 -6,10408e-004 -9,76683e-003  9,97317e-001
-1,45729e+000  0,00000e+000  0,00000e+000  9,97347e-001  9,18011e-004  1,21761e-019 -3,23929e-018 -3,63092e-003 -9,22992e-003  9,97397e-001
-1,43719e+000  0,00000e+000  0,00000e+000  9,97693e-001  1,73404e-003 -3,23250e-018 -1,61298e-018 -6,37827e-003 -7,77259e-003  9,97745e-001
-1,41709e+000  0,00000e+000  0,00000e+000  9,98287e-001  2,42479e-003 -3,19873e-018 -3,36104e-018 -8,57628e-003 -5,51171e-003  9,98342e-001
-1,39698e+000  0,00000e+000  0,00000e+000  9,99086e-001  2,91496e-003 -3,21307e-018 -1,08433e-019 -9,99450e-003 -2,64568e-003  9,99144e-001
-1,37688e+000  0,00000e+000  0,00000e+000  1,00002e+000  3,14445e-003 -3,82890e-018 -1,21986e-019 -1,04719e-002  5,62546e-004  1,00008e+000
-1,35678e+000  0,00000e+000  0,00000e+000  1,00102e+000  3,07510e-003 -3,33415e-018  3,23905e-018 -9,93438e-003  3,80906e-003  1,00108e+000
-1,33668e+000  0,00000e+000  0,00000e+000  1,00197e+000  2,69565e-003 -1,61298e-018  3,22573e-018 -8,40463e-003  6,77735e-003  1,00203e+000
-1,31658e+000  0,00000e+000  0,00000e+000  1,00278e+000  2,02446e-003 -3,45612e-018  3,19863e-018 -6,00259e-003  9,16858e-003  1,00284e+000
-1,29648e+000  0,00000e+000  0,00000e+000  1,00337e+000  1,10950e-003 -3,46945e-018  4,05127e-018 -2,93684e-003  1,07311e-002  1,00343e+000
-1,27638e+000  0,00000e+000  0,00000e+000  1,00366e+000  2,55485e-005 -1,08420e-019  4,14740e-018  5,12995e-004  1,12863e-002  1,00372e+000
-1,25628e+000  0,00000e+000  0,00000e+000  1,00360e+000 -1,13133e-003  3,23927e-018  4,09315e-018  4,02112e-003  1,07481e-002  1,00367e+000
-1,23618e+000  0,00000e+000  0,00000e+000  1,00319e+000 -2,25175e-003 -2,43720e-019  3,34771e-018  7,24575e-003  9,13424e-003  1,00326e+000
-1,21608e+000  0,00000e+000  0,00000e+000  1,00242e+000 -3,22269e-003  3,17162e-018  3,45612e-018  9,86169e-003  6,56797e-003  1,00250e+000
-1,19598e+000  0,00000e+000  0,00000e+000  1,00136e+000 -3,93816e-003  4,03560e-018 -5,57305e-026  1,15924e-002  3,26929e-003  1,00144e+000
-1,17588e+000  0,00000e+000  0,00000e+000  1,00010e+000 -4,30992e-003  4,46930e-018  2,16840e-019  1,22385e-002 -4,63058e-004  1,00018e+000
-1,15578e+000  0,00000e+000  0,00000e+000  9,98728e-001 -4,27714e-003  4,96056e-018 -3,22550e-018  1,16994e-002 -4,27789e-003  9,98815e-001
-1,13568e+000  0,00000e+000  0,00000e+000  9,97390e-001 -3,81419e-003  3,45613e-018 -3,11731e-018  9,98661e-003 -7,80387e-003  9,97478e-001
-1,11558e+000  0,00000e+000  0,00000e+000  9,96216e-001 -2,93556e-003  3,46968e-018 -3,16485e-018  7,22660e-003 -1,06847e-002  9,96303e-001
-1,09548e+000  0,00000e+000  0,00000e+000  9,95332e-001 -1,69732e-003  3,46946e-018 -4,00680e-018  3,65234e-003 -1,26143e-002  9,95420e-001
-1,07538e+000  0,00000e+000  0,00000e+000  9,94849e-001 -1,94777e-004  1,31792e-023 -4,89962e-018 -4,15253e-004 -1,33681e-002  9,94939e-001
-1,05528e+000  0,00000e+000  0,00000e+000  9,94846e-001  1,44380e-003 -3,25261e-018 -4,96057e-018 -4,59520e-003 -1,28277e-002  9,94940e-001
-1,03518e+000  0,00000e+000  0,00000e+000  9,95359e-001  3,06700e-003 -3,23928e-018 -3,44268e-018 -8,48109e-003 -1,09966e-002  9,95461e-001
-1,01508e+000  0,00000e+000  0,00000e+000  9,96381e-001  4,51300e-003 -3,15818e-018 -3,25284e-018 -1,16794e-002 -8,00422e-003  9,96492e-001
-9,94975e-001  0,00000e+000  0,00000e+000  9,97850e-001  5,62424e-003 -4,83530e-018 -3,46967e-018 -1,38481e-002 -4,09826e-003  9,97970e-001
-9,74874e-001  0,00000e+000  0,00000e+000  9,99659e-001  6,26285e-003 -5,49597e-018 -1,31275e-023 -1,47318e-002  3,74363e-004  9,99787e-001
-9,54774e-001  0,00000e+000  0,00000e+000  1,00166e+000  6,32539e-003 -4,96067e-018  3,22550e-018 -1,41897e-002  4,99714e-003  1,00179e+000
-9,34673e-001  0,00000e+000  0,00000e+000  1,00367e+000  5,75561e-003 -4,96057e-018  3,11729e-018 -1,22143e-002  9,32134e-003  1,00380e+000
-9,14573e-001  0,00000e+000  0,00000e+000  1,00548e+000  4,55375e-003 -3,46969e-018  3,10375e-018 -8,93730e-003  1,29079e-002  1,00562e+000
-8,94472e-001  0,00000e+000  0,00000e+000  1,00691e+000  2,78145e-003  2,68802e-020  4,79803e-018 -4,62346e-003  1,53704e-002  1,00704e+000
-8,74372e-001  0,00000e+000  0,00000e+000  1,00778e+000  5,61278e-004 -1,31266e-023  5,92294e-018  3,49526e-004  1,64142e-002  1,00791e+000
-8,54271e-001  0,00000e+000  0,00000e+000  1,00794e+000 -1,92936e-003 -2,16430e-019  5,70612e-018  5,52211e-003  1,58697e-002  1,00808e+000
-8,34171e-001  0,00000e+000  0,00000e+000  1,00731e+000 -4,46993e-003  2,98177e-018  6,69540e-018  1,03934e-002  1,37138e-002  1,00747e+000
-8,14070e-001  0,00000e+000  0,00000e+000  1,00588e+000 -6,81351e-003  2,99553e-018  3,22595e-018  1,44673e-002  1,00795e-002  1,00605e+000
-7,93970e-001  0,00000e+000  0,00000e+000  1,00370e+000 -8,70749e-003  6,49210e-018  3,46969e-018  1,73005e-002  5,25037e-003  1,00390e+000
-7,73869e-001  0,00000e+000  0,00000e+000  1,00091e+000 -9,91664e-003  6,51329e-018  2,16854e-019  1,85479e-002 -3,58661e-004  1,00113e+000
-7,53769e-001  0,00000e+000  0,00000e+000  9,97721e-001 -1,02470e-002  6,56676e-018 -3,25259e-018  1,80003e-002 -6,23482e-003  9,97956e-001
-7,33668e-001  0,00000e+000  0,00000e+000  9,94409e-001 -9,56796e-003  6,68185e-018 -3,00908e-018  1,56120e-002 -1,18112e-002  9,94648e-001
-7,13568e-001  0,00000e+000  0,00000e+000  9,91286e-001 -7,83156e-003  6,91225e-018 -6,45143e-018  1,15137e-002 -1,65182e-002  9,91521e-001
-6,93467e-001  0,00000e+000  0,00000e+000  9,88683e-001 -5,08555e-003  6,91225e-018 -6,42435e-018  6,01034e-003 -1,98374e-002  9,88913e-001
-6,73367e-001  0,00000e+000  0,00000e+000  9,86923e-001 -1,47984e-003  2,64698e-023 -7,31901e-018 -4,38408e-004 -2,13545e-002  9,87155e-001
-6,53266e-001  0,00000e+000  0,00000e+000  9,86284e-001  2,73534e-003  2,16867e-019 -8,18639e-018 -7,25240e-003 -2,08042e-002  9,86534e-001
-6,33166e-001  0,00000e+000  0,00000e+000  9,86976e-001  7,22064e-003  4,60786e-019 -6,46523e-018 -1,37787e-002 -1,81049e-002  9,87265e-001
-6,13065e-001  0,00000e+000  0,00000e+000  9,89108e-001  1,15672e-002 -6,23414e-018 -6,47878e-018 -1,93488e-002 -1,33778e-002  9,89455e-001
-5,92965e-001  0,00000e+000  0,00000e+000  9,92667e-001  1,53247e-002 -6,34343e-018 -6,91246e-018 -2,33402e-002 -6,94875e-003  9,93084e-001
-5,72864e-001  0,00000e+000  0,00000e+000  9,97506e-001  1,80364e-002 -8,93853e-018 -4,63014e-022 -2,52384e-002  6,68439e-004  9,97988e-001
-5,52764e-001  0,00000e+000  0,00000e+000  1,00333e+000  1,92780e-002 -8,82696e-018 -3,94946e-023 -2,46919e-002  8,80699e-003  1,00386e+000
-5,32663e-001  0,00000e+000  0,00000e+000  1,00973e+000  1,86995e-002 -9,92127e-018 -4,87917e-019 -2,15569e-002  1,66979e-002  1,01027e+000
-5,12563e-001  0,00000e+000  0,00000e+000  1,01614e+000  1,60656e-002 -6,45184e-018  6,23414e-018 -1,59255e-002  2,35330e-002  1,01667e+000
-4,92462e-001  0,00000e+000  0,00000e+000  1,02195e+000  1,12924e-002 -6,45190e-018  9,59561e-018 -8,13634e-003  2,85359e-002  1,02245e+000
-4,72362e-001  0,00000e+000  0,00000e+000  1,02648e+000  4,47696e-003 -7,31926e-018  1,13714e-017  1,23723e-003  3,10345e-002  1,02696e+000
-4,52261e-001  0,00000e+000  0,00000e+000  1,02903e+000 -4,08287e-003 -3,80366e-019  1,14155e-017  1,14184e-002  3,05295e-002  1,02956e+000
-4,32161e-001  0,00000e+000  0,00000e+000  1,02899e+000 -1,38797e-002 -4,87944e-019  1,31468e-017  2,14778e-002  2,67530e-002  1,02966e+000
-4,12060e-001  0,00000e+000  0,00000e+000  1,02583e+000 -2,42017e-002  6,07148e-018  1,33639e-017  3,04006e-002  1,97118e-002  1,02676e+000
-3,91960e-001  0,00000e+000  0,00000e+000  1,01920e+000 -3,41502e-002  9,48672e-018  6,42509e-018  3,71637e-002  9,71101e-003  1,02049e+000
-3,71859e-001  0,00000e+000  0,00000e+000  1,00896e+000 -4,26710e-002  1,28757e-017  1,29702e-021  4,08180e-002 -2,64345e-003  1,01069e+000
-3,51759e-001  0,00000e+000  0,00000e+000  9,95244e-001 -4,85961e-002  1,46646e-017 -1,30638e-017  4,05695e-002 -1,64655e-002  9,97391e-001
-3,31658e-001  0,00000e+000  0,00000e+000  9,78493e-001 -5,06928e-002  1,63858e-017  3,80344e-019  3,58505e-002 -3,06295e-002  9,80939e-001
-3,11558e-001  0,00000e+000  0,00000e+000  9,59485e-001 -4,77172e-002  1,29096e-017 -1,30095e-017  2,63757e-002 -4,38276e-002  9,62031e-001
-2,91457e-001  0,00000e+000  0,00000e+000  9,39360e-001 -3,84646e-002  1,37710e-017 -1,30096e-017  1,21776e-002 -5,46363e-002  9,41812e-001
-2,71357e-001  0,00000e+000  0,00000e+000  9,19653e-001 -2,18100e-002  1,29044e-017 -1,59902e-017 -6,38536e-003 -6,15819e-002  9,21993e-001
-2,51256e-001  0,00000e+000  0,00000e+000  9,02328e-001  3,27328e-003 -1,06089e-019 -2,01103e-017 -2,86504e-002 -6,31897e-002  9,04997e-001
-2,31156e-001  0,00000e+000  0,00000e+000  8,89861e-001  3,77318e-002 -1,31162e-017 -2,27140e-017 -5,37060e-002 -5,79910e-002  8,94161e-001
-2,11055e-001  0,00000e+000  0,00000e+000  8,85416e-001  8,25179e-002 -1,31695e-017 -1,90277e-017 -8,04856e-002 -4,44462e-002  8,93993e-001
-1,90955e-001  0,00000e+000  0,00000e+000  8,93232e-001  1,38797e-001 -1,31142e-017 -1,29020e-017 -1,07912e-001 -2,06918e-002  9,10605e-001
-1,70854e-001  0,00000e+000  0,00000e+000  9,19496e-001  2,08396e-001 -2,53644e-017 -1,20346e-017 -1,35122e-001  1,60981e-002  9,52585e-001
-1,50754e-001  0,00000e+000  0,00000e+000  9,74411e-001  2,94784e-001 -3,24913e-017  0,00000e+000 -1,61849e-001  7,12971e-002  1,03327e+000
-1,30653e-001  0,00000e+000  0,00000e+000  1,07756e+000  4,05372e-001 -3,63381e-017  0,00000e+000 -1,89215e-001  1,57069e-001  1,17726e+000
-1,10553e-001  0,00000e+000  0,00000e+000  1,27384e+000  5,57546e-001 -4,17250e-017  0,00000e+000 -2,21767e-001  3,05375e-001  1,44082e+000
-9,04523e-002  0,00000e+000  0,00000e+000  0,00000e+000  0,00000e+000  0,00000e+000  0,00000e+000  0,00000e+000  0,00000e+000  0,00000e+000
-7,03518e-002  0,00000e+000  0,00000e+000  0,00000e+000  0,00000e+000  0,00000e+000  0,00000e+000  0,00000e+000  0,00000e+000  0,00000e+000
-5,02513e-002  0,00000e+000  0,00000e+000  0,00000e+000  0,00000e+000  0,00000e+000  0,00000e+000  0,00000e+000  0,00000e+000  0,00000e+000
-3,01508e-002  0,00000e+000  0,00000e+000  0,00000e+000  0,00000e+000  0,00000e+000  0,00000e+000  0,00000e+000  0,00000e+000  0,00000e+000
-1,00503e-002  0,00000e+000  0,00000e+000  0,00000e+000  0,00000e+000  0,00000e+000  0,00000e+000  0,00000e+000  0,00000e+000  0,00000e+000
 1,00503e-002  0,00000e+000  0,00000e+000  0,00000e+000  0,00000e+000  0,00000e+000  0,00000e+000  0,00000e+000  0,00000e+000  0,00000e+000
 3,01508e-002  0,00000e+000  0,00000e+000  0,00000e+000  0,00000e+000  0,00000e+000  0,00000e+000  0,00000e+000  0,00000e+000  0,00000e+000
 5,02513e-002  0,00000e+000  0,00000e+000  0,00000e+000  0,00000e+000  0,00000e+000  0,00000e+000  0,00000e+000  0,00000e+000  0,00000e+000
 7,03518e-002  0,00000e+000  0,00000e+000  0,00000e+000  0,00000e+000  0,00000e+000  0,00000e+000  0,00000e+000  0,00000e+000  0,00000e+000
 9,04523e-002  0,00000e+000  0,00000e+000  0,00000e+000  0,00000e+000  0,00000e+000  0,00000e+000  0,00000e+000  0,00000e+000  0,00000e+000
 1,10553e-001  0,00000e+000  0,00000e+000  1,27384e+000  5,57546e-001  0,00000e+000  0,00000e+000  2,21767e-001 -3,05375e-001  1,44082e+000
 1,30653e-001  0,00000e+000  0,00000e+000  1,07756e+000  4,05372e-001  0,00000e+000  0,00000e+000  1,89215e-001 -1,57069e-001  1,17726e+000
 1,50754e-001  0,00000e+000  0,00000e+000  9,74411e-001  2,94784e-001  0,00000e+000  0,00000e+000  1,61849e-001 -7,12971e-002  1,03327e+000
 1,70854e-001  0,00000e+000  0,00000e+000  9,19496e-001  2,08396e-001  0,00000e+000  0,00000e+000  1,35122e-001 -1,60981e-002  9,52585e-001
 1,90955e-001  0,00000e+000  0,00000e+000  8,93232e-001  1,38797e-001  0,00000e+000  0,00000e+000  1,07912e-001  2,06918e-002  9,10605e-001
 2,11055e-001  0,00000e+000  0,00000e+000  8,85370e-001  8,25164e-002  0,00000e+000  0,00000e+000  8,04855e-002  4,44486e-002  8,93948e-001
 2,31156e-001  0,00000e+000  0,00000e+000  8,89861e-001  3,77318e-002  0,00000e+000  0,00000e+000  5,37060e-002  5,79910e-002  8,94161e-001
 2,51256e-001  0,00000e+000  0,00000e+000  9,02328e-001  3,27328e-003  0,00000e+000  0,00000e+000  2,86504e-002  6,31897e-002  9,04997e-001
 2,71357e-001  0,00000e+000  0,00000e+000  9,19653e-001 -2,18100e-002  0,00000e+000  0,00000e+000  6,38536e-003  6,15819e-002  9,21993e-001
 2,91457e-001  0,00000e+000  0,00000e+000  9,39360e-001 -3,84646e-002  0,00000e+000  0,00000e+000 -1,21776e-002  5,46363e-002  9,41812e-001
 3,11558e-001  0,00000e+000  0,00000e+000  9,59485e-001 -4,77172e-002  0,00000e+000  0,00000e+000 -2,63757e-002  4,38276e-002  9,62031e-001
 3,31658e-001  0,00000e+000  0,00000e+000  9,78493e-001 -5,06928e-002  0,00000e+000  0,00000e+000 -3,58505e-002  3,06295e-002  9,80939e-001
 3,51759e-001  0,00000e+000  0,00000e+000  9,95244e-001 -4,85961e-002  0,00000e+000  0,00000e+000 -4,05695e-002  1,64655e-002  9,97391e-001
 3,71859e-001  0,00000e+000  0,00000e+000  1,00896e+000 -4,26710e-002  0,00000e+000  0,00000e+000 -4,08180e-002  2,64345e-003  1,01069e+000
 3,91960e-001  0,00000e+000  0,00000e+000  1,01920e+000 -3,41502e-002  0,00000e+000  0,00000e+000 -3,71637e-002 -9,71101e-003  1,02049e+000
 4,12060e-001  0,00000e+000  0,00000e+000  1,02583e+000 -2,42017e-002  0,00000e+000  0,00000e+000 -3,04006e-002 -1,97118e-002  1,02676e+000
 4,32161e-001  0,00000e+000  0,00000e+000  1,02899e+000 -1,38797e-002  0,00000e+000  0,00000e+000 -2,14778e-002 -2,67530e-002  1,02966e+000
 4,52261e-001  0,00000e+000  0,00000e+000  1,02903e+000 -4,08287e-003  0,00000e+000  0,00000e+000 -1,14184e-002 -3,05295e-002  1,02956e+000
 4,72362e-001  0,00000e+000  0,00000e+000  1,02648e+000  4,47696e-003  0,00000e+000  0,00000e+000 -1,23723e-003 -3,10345e-002  1,02696e+000
 4,92462e-001  0,00000e+000  0,00000e+000  1,02195e+000  1,12924e-002  0,00000e+000  0,00000e+000  8,13634e-003 -2,85359e-002  1,02245e+000
 5,12563e-001  0,00000e+000  0,00000e+000  1,01614e+000  1,60656e-002  0,00000e+000  0,00000e+000  1,59255e-002 -2,35330e-002  1,01667e+000
 5,32663e-001  0,00000e+000  0,00000e+000  1,00973e+000  1,86995e-002  0,00000e+000  0,00000e+000  2,15569e-002 -1,66979e-002  1,01027e+000
 5,52764e-001  0,00000e+000  0,00000e+000  1,00333e+000  1,92780e-002  0,00000e+000  0,00000e+000  2,46919e-002 -8,80699e-003  1,00386e+000
 5,72864e-001  0,00000e+000  0,00000e+000  9,97506e-001  1,80364e-002  0,00000e+000  0,00000e+000  2,52384e-002 -6,68439e-004  9,97988e-001
 5,92965e-001  0,00000e+000  0,00000e+000  9,92667e-001  1,53247e-002  0,00000e+000  0,00000e+000  2,33402e-002  6,94875e-003  9,93084e-001
 6,13065e-001  0,00000e+000  0,00000e+000  9,89108e-001  1,15672e-002  0,00000e+000  0,00000e+000  1,93488e-002  1,33778e-002  9,89455e-001
 6,33166e-001  0,00000e+000  0,00000e+000  9,86976e-001  7,22064e-003  0,00000e+000  0,00000e+000  1,37787e-002  1,81049e-002  9,87265e-001
 6,53266e-001  0,00000e+000  0,00000e+000  9,86284e-001  2,73534e-003  0,00000e+000  0,00000e+000  7,25240e-003  2,08042e-002  9,86534e-001
 6,73367e-001  0,00000e+000  0,00000e+000  9,86922e-001 -1,47986e-003  0,00000e+000  0,00000e+000  4,38408e-004  2,13545e-002  9,87155e-001
 6,93467e-001  0,00000e+000  0,00000e+000  9,88683e-001 -5,08555e-003  0,00000e+000  0,00000e+000 -6,01034e-003  1,98374e-002  9,88913e-001
 7,13568e-001  0,00000e+000  0,00000e+000  9,91286e-001 -7,83156e-003  0,00000e+000  0,00000e+000 -1,15137e-002  1,65182e-002  9,91521e-001
 7,33668e-001  0,00000e+000  0,00000e+000  9,94409e-001 -9,56796e-003  0,00000e+000  0,00000e+000 -1,56120e-002  1,18112e-002  9,94648e-001
 7,53769e-001  0,00000e+000  0,00000e+000  9,97721e-001 -1,02470e-002  0,00000e+000  0,00000e+000 -1,80003e-002  6,23482e-003  9,97956e-001
 7,73869e-001  0,00000e+000  0,00000e+000  1,00091e+000 -9,91664e-003  0,00000e+000  0,00000e+000 -1,85479e-002  3,58661e-004  1,00113e+000
 7,93970e-001  0,00000e+000  0,00000e+000  1,00370e+000 -8,70749e-003  0,00000e+000  0,00000e+000 -1,73005e-002 -5,25037e-003  1,00390e+000
 8,14070e-001  0,00000e+000  0,00000e+000  1,00588e+000 -6,81351e-003  0,00000e+000  0,00000e+000 -1,44673e-002 -1,00795e-002  1,00605e+000
 8,34171e-001  0,00000e+000  0,00000e+000  1,00731e+000 -4,46993e-003  0,00000e+000  0,00000e+000 -1,03934e-002 -1,37138e-002  1,00747e+000
 8,54271e-001  0,00000e+000  0,00000e+000  1,00794e+000 -1,92936e-003  0,00000e+000  0,00000e+000 -5,52211e-003 -1,58697e-002  1,00808e+000
 8,74372e-001  0,00000e+000  0,00000e+000  1,00778e+000  5,61278e-004  0,00000e+000  0,00000e+000 -3,49526e-004 -1,64142e-002  1,00791e+000
 8,94472e-001  0,00000e+000  0,00000e+000  1,00692e+000  2,78164e-003  0,00000e+000  0,00000e+000  4,62345e-003 -1,53697e-002  1,00705e+000
 9,14573e-001  0,00000e+000  0,00000e+000  1,00548e+000  4,55375e-003  0,00000e+000  0,00000e+000  8,93730e-003 -1,29079e-002  1,00562e+000
 9,34673e-001  0,00000e+000  0,00000e+000  1,00367e+000  5,75561e-003  0,00000e+000  0,00000e+000  1,22143e-002 -9,32134e-003  1,00380e+000
 9,54774e-001  0,00000e+000  0,00000e+000  1,00166e+000  6,32539e-003  0,00000e+000  0,00000e+000  1,41897e-002 -4,99714e-003  1,00179e+000
 9,74874e-001  0,00000e+000  0,00000e+000  9,99659e-001  6,26285e-003  0,00000e+000  0,00000e+000  1,47318e-002 -3,74363e-004  9,99787e-001
 9,94975e-001  0,00000e+000  0,00000e+000  9,97850e-001  5,62424e-003  0,00000e+000  0,00000e+000  1,38481e-002  4,09826e-003  9,97970e-001
 1,01508e+000  0,00000e+000  0,00000e+000  9,96381e-001  4,51300e-003  0,00000e+000  0,00000e+000  1,16794e-002  8,00422e-003  9,96492e-001
 1,03518e+000  0,00000e+000  0,00000e+000  9,95359e-001  3,06700e-003  0,00000e+000  0,00000e+000  8,48109e-003  1,09966e-002  9,95461e-001
 1,05528e+000  0,00000e+000  0,00000e+000  9,94846e-001  1,44380e-003  0,00000e+000  0,00000e+000  4,59520e-003  1,28277e-002  9,94940e-001
 1,07538e+000  0,00000e+000  0,00000e+000  9,94849e-001 -1,94777e-004  0,00000e+000  0,00000e+000  4,15253e-004  1,33681e-002  9,94939e-001
 1,09548e+000  0,00000e+000  0,00000e+000  9,95332e-001 -1,69732e-003  0,00000e+000  0,00000e+000 -3,65234e-003  1,26143e-002  9,95420e-001
 1,11558e+000  0,00000e+000  0,00000e+000  9,96216e-001 -2,93556e-003  0,00000e+000  0,00000e+000 -7,22660e-003  1,06847e-002  9,96303e-001
 1,13568e+000  0,00000e+000  0,00000e+000  9,97390e-001 -3,81419e-003  0,00000e+000  0,00000e+000 -9,98661e-003  7,80387e-003  9,97478e-001
 1,15578e+000  0,00000e+000  0,00000e+000  9,98728e-001 -4,27714e-003  0,00000e+000  0,00000e+000 -1,16994e-002  4,27789e-003  9,98815e-001
 1,17588e+000  0,00000e+000  0,00000e+000  1,00010e+000 -4,30992e-003  0,00000e+000  0,00000e+000 -1,22385e-002  4,63058e-004  1,00018e+000
 1,19598e+000  0,00000e+000  0,00000e+000  1,00136e+000 -3,93816e-003  0,00000e+000  0,00000e+000 -1,15924e-002 -3,26929e-003  1,00144e+000
 1,21608e+000  0,00000e+000  0,00000e+000  1,00242e+000 -3,22269e-003  0,00000e+000  0,00000e+000 -9,86169e-003 -6,56797e-003  1,00250e+000
 1,23618e+000  0,00000e+000  0,00000e+000  1,00319e+000 -2,25175e-003  0,00000e+000  0,00000e+000 -7,24575e-003 -9,13424e-003  1,00326e+000
 1,25628e+000  0,00000e+000  0,00000e+000  1,00360e+000 -1,13133e-003  0,00000e+000  0,00000e+000 -4,02112e-003 -1,07481e-002  1,00367e+000
 1,27638e+000  0,00000e+000  0,00000e+000  1,00366e+000  2,55485e-005  0,00000e+000  0,00000e+000 -5,12995e-004 -1,12863e-002  1,00372e+000
 1,29648e+000  0,00000e+000  0,00000e+000  1,00337e+000  1,10950e-003  0,00000e+000  0,00000e+000  2,93684e-003 -1,07311e-002  1,00343e+000
 1,31658e+000  0,00000e+000  0,00000e+000  1,00278e+000  2,02446e-003  0,00000e+000  0,00000e+000  6,00259e-003 -9,16858e-003  1,00284e+000
 1,33668e+000  0,00000e+000  0,00000e+000  1,00197e+000  2,69565e-003  0,00000e+000  0,00000e+000  8,40463e-003 -6,77735e-003  1,00203e+000
 1,35678e+000  0,00000e+000  0,00000e+000  1,00102e+000  3,07510e-003  0,00000e+000  0,00000e+000  9,93438e-003 -3,80906e-003  1,00108e+000
 1,37688e+000  0,00000e+000  0,00000e+000  1,00002e+000  3,14445e-003  0,00000e+000  0,00000e+000  1,04719e-002 -5,62546e-004  1,00008e+000
 1,39698e+000  0,00000e+000  0,00000e+000  9,99059e-001  2,91387e-003  0,00000e+000  0,00000e+000  9,99459e-003  2,63891e-003  9,99117e-001
 1,41709e+000  0,00000e+000  0,00000e+000  9,98287e-001  2,42479e-003  0,00000e+000  0,00000e+000  8,57628e-003  5,51171e-003  9,98342e-001
 1,43719e+000  0,00000e+000  0,00000e+000  9,97693e-001  1,73404e-003  0,00000e+000  0,00000e+000  6,37827e-003  7,77259e-003  9,97745e-001
 1,45729e+000  0,00000e+000  0,00000e+000  9,97347e-001  9,18011e-004  0,00000e+000  0,00000e+000  3,63092e-003  9,22992e-003  9,97397e-001
 1,47739e+000  0,00000e+000  0,00000e+000  9,97269e-001  5,95029e-005  0,00000e+000  0,00000e+000  6,10408e-004  9,76683e-003  9,97317e-001
 1,49749e+000  0,00000e+000  0,00000e+000  9,97452e-001 -7,59179e-004  0,00000e+000  0,00000e+000 -2,38861e-003  9,35682e-003  9,97499e-001
 1,51759e+000  0,00000e+000  0,00000e+000  9,97865e-001 -1,46376e-003  0,00000e+000  0,00000e+000 -5,08133e-003  8,06384e-003  9,97911e-001
 1,53769e+000  0,00000e+000  0,00000e+000  9,98457e-001 -1,99440e-003  0,00000e+000  0,00000e+000 -7,21944e-003  6,03388e-003  9,98503e-001
 1,55779e+000  0,00000e+000  0,00000e+000  9,99164e-001 -2,31046e-003  0,00000e+000  0,00000e+000 -8,61365e-003  3,47908e-003  9,99210e-001
 1,57789e+000  0,00000e+000  0,00000e+000  9,99915e-001 -2,39327e-003  0,00000e+000  0,00000e+000 -9,15004e-003  6,55944e-004  9,99960e-001
 1,59799e+000  0,00000e+000  0,00000e+000  1,00064e+000 -2,24673e-003  0,00000e+000  0,00000e+000 -8,79897e-003 -2,16000e-003  1,00068e+000
 1,61809e+000  0,00000e+000  0,00000e+000  1,00126e+000 -1,89587e-003  0,00000e+000  0,00000e+000 -7,61577e-003 -4,70076e-003  1,00130e+000
 1,63819e+000  0,00000e+000  0,00000e+000  1,00174e+000 -1,38347e-003  0,00000e+000  0,00000e+000 -5,73341e-003 -6,73103e-003  1,00178e+000
 1,65829e+000  0,00000e+000  0,00000e+000  1,00203e+000 -7,65260e-004  0,00000e+000  0,00000e+000 -3,34804e-003 -8,06966e-003  1,00207e+000
 1,67839e+000  0,00000e+000  0,00000e+000  1,00211e+000 -1,04174e-004  0,00000e+000  0,00000e+000 -6,98890e-004 -8,60556e-003  1,00215e+000
 1,69849e+000  0,00000e+000  0,00000e+000  1,00200e+000  5,35845e-004  0,00000e+000  0,00000e+000  1,95540e-003 -8,30651e-003  1,00203e+000
 1,71859e+000  0,00000e+000  0,00000e+000  1,00170e+000  1,09579e-003  0,00000e+000  0,00000e+000  4,36172e-003 -7,22038e-003  1,00173e+000
 1,73869e+000  0,00000e+000  0,00000e+000  1,00125e+000  1,52685e-003  0,00000e+000  0,00000e+000  6,29640e-003 -5,46876e-003  1,00128e+000
 1,75879e+000  0,00000e+000  0,00000e+000  1,00070e+000  1,79444e-003  0,00000e+000  0,00000e+000  7,58569e-003 -3,23371e-003  1,00074e+000
 1,77889e+000  0,00000e+000  0,00000e+000  1,00012e+000  1,88079e-003  0,00000e+000  0,00000e+000  8,12111e-003 -7,39188e-004  1,00015e+000
 1,79899e+000  0,00000e+000  0,00000e+000  9,99546e-001  1,78585e-003  0,00000e+000  0,00000e+000  7,86830e-003  1,77120e-003  9,99580e-001
 1,81910e+000  0,00000e+000  0,00000e+000  9,99042e-001  1,52649e-003  0,00000e+000  0,00000e+000  6,86866e-003  4,05767e-003  9,99075e-001
 1,83920e+000  0,00000e+000  0,00000e+000  9,98650e-001  1,13421e-003  0,00000e+000  0,00000e+000  5,23370e-003  5,90699e-003  9,98682e-001
 1,85930e+000  0,00000e+000  0,00000e+000  9,98403e-001  6,51594e-004  0,00000e+000  0,00000e+000  3,13302e-003  7,15210e-003  9,98433e-001
 1,87940e+000  0,00000e+000  0,00000e+000  9,98316e-001  1,27830e-004  0,00000e+000  0,00000e+000  7,76893e-004  7,68704e-003  9,98346e-001
 1,89950e+000  0,00000e+000  0,00000e+000  9,98393e-001 -3,86101e-004  0,00000e+000  0,00000e+000 -1,60450e-003  7,47563e-003  9,98422e-001
 1,91960e+000  0,00000e+000  0,00000e+000  9,98618e-001 -8,42272e-004  0,00000e+000  0,00000e+000 -3,78337e-003  6,55355e-003  9,98647e-001
 1,93970e+000  0,00000e+000  0,00000e+000  9,98964e-001 -1,20015e-003  0,00000e+000  0,00000e+000 -5,55593e-003  5,02340e-003  9,98993e-001
 1,95980e+000  0,00000e+000  0,00000e+000  9,99395e-001 -1,43005e-003  0,00000e+000  0,00000e+000 -6,76126e-003  3,04357e-003  9,99423e-001
 1,97990e+000  0,00000e+000  0,00000e+000  9,99865e-001 -1,51551e-003  0,00000e+000  0,00000e+000 -7,29569e-003  8,12120e-004  9,99893e-001
 2,00000e+000  0,00000e+000  0,00000e+000  1,00033e+000 -1,45426e-003  0,00000e+000  0,00000e+000 -7,12156e-003 -1,45291e-003  1,00036e+000
