    X       Y       Z       Ex.r       Ex.i       Ey.r       Ey.i       Ez.r       Ez.i       |E|^2
-4,00000e+000  0,00000e+000  0,00000e+000  9,99934e-001 -3,67220e-004  7,79328e-019 -8,06432e-019  3,61574e-003 -6,35009e-004  9,99941e-001
-3,95980e+000  0,00000e+000  0,00000e+000  9,99726e-001 -2,64758e-004  5,62346e-023 -1,64502e-018  2,58956e-003 -2,65382e-003  9,99733e-001
-3,91960e+000  0,00000e+000  0,00000e+000  9,99616e-001 -5,62956e-005  9,21519e-019 -1,21136e-018  5,57270e-004 -3,70381e-003  9,99623e-001
-3,87940e+000  0,00000e+000  0,00000e+000  9,99648e-001  1,82532e-004  8,80352e-020 -1,68057e-018 -1,72872e-003 -3,36587e-003  9,99655e-001
-3,83920e+000  0,00000e+000  0,00000e+000  9,99817e-001  3,61276e-004 -1,64059e-018  1,37309e-026 -3,40410e-003 -1,73996e-003  9,99824e-001
-3,79899e+000  0,00000e+000  0,00000e+000  1,00006e+000  4,08719e-004 -1,24014e-018  8,13208e-019 -3,81885e-003  5,82228e-004  1,00007e+000
-3,75879e+000  0,00000e+000  0,00000e+000  1,00030e+000  3,00989e-004 -8,13208e-019  1,64333e-018 -2,78865e-003  2,73186e-003  1,00030e+000
-3,71859e+000  0,00000e+000  0,00000e+000  1,00043e+000  7,27437e-005 -6,09831e-020  1,20966e-018 -6,74753e-004  3,88736e-003  1,00043e+000
-3,67839e+000  0,00000e+000  0,00000e+000  1,00040e+000 -1,93576e-004  1,67385e-018  1,24011e-018  1,74171e-003  3,58765e-003  1,00040e+000
-3,63819e+000  0,00000e+000  0,00000e+000  1,00021e+000 -3,97272e-004  7,65831e-019  8,67365e-019  3,54766e-003  1,91518e-003  1,00022e+000
-3,59799e+000  0,00000e+000  0,00000e+000  9,99940e-001 -4,57200e-004  1,23675e-018  6,09301e-020  4,04231e-003 -5,23624e-004  9,99948e-001
-3,55779e+000  0,00000e+000  0,00000e+000  9,99677e-001 -3,43780e-004  8,67418e-019 -7,75995e-019  3,00824e-003 -2,81741e-003  9,99686e-001
-3,51759e+000  0,00000e+000  0,00000e+000  9,99527e-001 -9,26821e-005  9,28341e-019 -1,62982e-018  8,04802e-004 -4,08964e-003  9,99535e-001
-3,47739e+000  0,00000e+000  0,00000e+000  9,99551e-001  2,05866e-004 -7,75942e-019 -1,24017e-018 -1,75559e-003 -3,83270e-003  9,99560e-001
-3,43719e+000  0,00000e+000  0,00000e+000  9,99750e-001  4,39184e-004 -1,62980e-018 -8,67362e-019 -3,70611e-003 -2,10929e-003  9,99759e-001
-3,39698e+000  0,00000e+000  0,00000e+000  1,00005e+000  5,14340e-004 -1,64672e-018 -6,09301e-020 -4,28972e-003  4,58290e-004  1,00006e+000
-3,35678e+000  0,00000e+000  0,00000e+000  1,00035e+000  3,94776e-004 -1,72801e-018  7,48890e-019 -3,25195e-003  2,91189e-003  1,00036e+000
-3,31658e+000  0,00000e+000  0,00000e+000  1,00053e+000  1,17056e-004 -8,67362e-019  1,61627e-018 -9,49563e-004  4,31406e-003  1,00054e+000
-3,27638e+000  0,00000e+000  0,00000e+000  1,00051e+000 -2,19622e-004  7,99712e-019  1,18590e-018  1,77065e-003  4,10523e-003  1,00052e+000
-3,23618e+000  0,00000e+000  0,00000e+000  1,00029e+000 -4,88447e-004  7,53987e-019  6,60371e-024  3,88230e-003  2,32569e-003  1,00030e+000
-3,19598e+000  0,00000e+000  0,00000e+000  9,99952e-001 -5,82355e-004  1,23678e-018  1,15144e-019  4,56554e-003 -3,85110e-004  9,99963e-001
-3,15578e+000  0,00000e+000  0,00000e+000  9,99611e-001 -4,56170e-004  1,72800e-018 -1,61625e-018  3,52424e-003 -3,01713e-003  9,99622e-001
-3,11558e+000  0,00000e+000  0,00000e+000  9,99403e-001 -1,47140e-004  6,77626e-021 -1,62813e-018  1,11171e-003 -4,56494e-003  9,99414e-001
-3,07538e+000  0,00000e+000  0,00000e+000  9,99414e-001  2,35116e-004  6,77031e-020 -1,67385e-018 -1,78728e-003 -4,41055e-003  9,99426e-001
-3,03518e+000  0,00000e+000  0,00000e+000  9,99653e-001  5,46969e-004 -1,61457e-018 -8,67368e-019 -4,07982e-003 -2,56862e-003  9,99665e-001
-2,99497e+000  0,00000e+000  0,00000e+000  1,00004e+000  6,64219e-004 -7,48891e-019 -6,08805e-020 -4,87548e-003  3,02697e-004  1,00005e+000
-2,95477e+000  0,00000e+000  0,00000e+000  1,00043e+000  5,30931e-004 -8,06432e-019  1,63997e-018 -3,83081e-003  3,13547e-003  1,00044e+000
-2,91457e+000  0,00000e+000  0,00000e+000  1,00068e+000  1,84690e-004 -5,42101e-020  7,47224e-019 -1,29464e-003  4,84778e-003  1,00069e+000
-2,87437e+000  0,00000e+000  0,00000e+000  1,00068e+000 -2,52690e-004  7,45449e-019  1,66702e-018  1,80601e-003  4,75544e-003  1,00069e+000
-2,83417e+000  0,00000e+000  0,00000e+000  1,00041e+000 -6,17330e-004  1,59937e-018  8,13264e-019  4,30332e-003  2,84354e-003  1,00043e+000
-2,79397e+000  0,00000e+000  0,00000e+000  9,99974e-001 -7,64007e-004  1,18260e-018  6,09864e-020  5,22686e-003 -2,09304e-004  9,99988e-001
-2,75377e+000  0,00000e+000  0,00000e+000  9,99520e-001 -6,23167e-004  1,67374e-018 -1,61292e-018  4,17897e-003 -3,26997e-003  9,99534e-001
-2,71357e+000  0,00000e+000  0,00000e+000  9,99224e-001 -2,32164e-004  1,73472e-018 -1,17922e-018  1,50269e-003 -5,16973e-003  9,99238e-001
-2,67337e+000  0,00000e+000  0,00000e+000  9,99211e-001  2,72775e-004  1,21860e-019 -2,10753e-018 -1,82758e-003 -5,14869e-003  9,99226e-001
-2,63317e+000  0,00000e+000  0,00000e+000  9,99504e-001  7,03097e-004 -1,61120e-018 -8,60592e-019 -4,55890e-003 -3,15747e-003  9,99519e-001
-2,59296e+000  0,00000e+000  0,00000e+000  1,00001e+000  8,87414e-004 -2,48367e-018 -5,42101e-020 -5,62927e-003  1,02705e-004  1,00002e+000
-2,55276e+000  0,00000e+000  0,00000e+000  1,00054e+000  7,38678e-004 -1,67385e-018  7,48893e-019 -4,57833e-003  3,42469e-003  1,00056e+000
-2,51256e+000  0,00000e+000  0,00000e+000  1,00090e+000  2,93096e-004 -1,73472e-018  2,03135e-018 -1,74152e-003  5,54025e-003  1,00092e+000
-2,47236e+000  0,00000e+000  0,00000e+000  1,00093e+000 -2,95918e-004 -1,15084e-019  2,04655e-018  1,85303e-003  5,60193e-003  1,00095e+000
-2,43216e+000  0,00000e+000  0,00000e+000  1,00060e+000 -8,09309e-004  1,58412e-018 -6,66379e-021  4,85473e-003  3,51974e-003  1,00062e+000
-2,39196e+000  0,00000e+000  0,00000e+000  1,00002e+000 -1,04261e-003  2,48026e-018  1,15190e-019  6,09553e-003  1,99798e-005  1,00004e+000
-2,35176e+000  0,00000e+000  0,00000e+000  9,99385e-001 -8,85876e-004  3,35437e-018 -1,61292e-018  5,04168e-003 -3,60519e-003  9,99404e-001
-2,31156e+000  0,00000e+000  0,00000e+000  9,98948e-001 -3,72693e-004  1,84314e-018 -2,88433e-018  2,01866e-003 -5,97213e-003  9,98968e-001
-2,27136e+000  0,00000e+000  0,00000e+000  9,98890e-001  3,22815e-004  1,21867e-019 -2,92074e-018 -1,88391e-003 -6,13088e-003  9,98910e-001
-2,23116e+000  0,00000e+000  0,00000e+000  9,99261e-001  9,43286e-004 -7,18453e-019 -1,62642e-018 -5,20200e-003 -3,94290e-003  9,99283e-001
-2,19095e+000  0,00000e+000  0,00000e+000  9,99949e-001  1,24162e-003 -2,47692e-018 -1,08420e-019 -6,64318e-003 -1,62537e-004  9,99971e-001
-2,15075e+000  0,00000e+000  0,00000e+000  1,00071e+000  1,07732e-003 -2,48700e-018  1,60609e-018 -5,58652e-003  3,81923e-003  1,00073e+000
-2,11055e+000  0,00000e+000  0,00000e+000  1,00125e+000  4,78878e-004 -1,73472e-018  3,30319e-018 -2,34433e-003  6,48310e-003  1,00127e+000
-2,07035e+000  0,00000e+000  0,00000e+000  1,00135e+000 -3,54355e-004 -1,15084e-019  2,48028e-018  1,92257e-003  6,75730e-003  1,00137e+000
-2,03015e+000  0,00000e+000  0,00000e+000  1,00092e+000 -1,11600e-003  1,55532e-018  1,61286e-018  5,61648e-003  4,44431e-003  1,00095e+000
-1,98995e+000  0,00000e+000  0,00000e+000  1,00010e+000 -1,50281e-003  3,31715e-018  1,35525e-020  7,29686e-003  3,30032e-004  1,00013e+000
-1,94975e+000  0,00000e+000  0,00000e+000  9,99172e-001 -1,33245e-003  3,34769e-018 -1,60609e-018  6,23745e-003 -4,07803e-003  9,99200e-001
-1,90955e+000  0,00000e+000  0,00000e+000  9,98488e-001 -6,24159e-004  1,84314e-018 -3,28076e-018  2,73278e-003 -7,09848e-003  9,98517e-001
-1,86935e+000  0,00000e+000  0,00000e+000  9,98339e-001  3,91652e-004  1,21860e-019 -3,34770e-018 -1,97271e-003 -7,51230e-003  9,98369e-001
-1,82915e+000  0,00000e+000  0,00000e+000  9,98830e-001  1,34452e-003 -3,29005e-018 -1,73484e-018 -6,12118e-003 -5,04870e-003  9,98862e-001
-1,78894e+000  0,00000e+000  0,00000e+000  9,99827e-001  1,85530e-003 -2,42275e-018 -1,08420e-019 -8,09239e-003 -5,29373e-004  9,99861e-001
-1,74874e+000  0,00000e+000  0,00000e+000  1,00099e+000  1,68260e-003 -2,48033e-018  1,55199e-018 -7,03017e-003  4,39840e-003  1,00102e+000
-1,70854e+000  0,00000e+000  0,00000e+000  1,00187e+000  8,29172e-004 -1,73484e-018  2,38462e-018 -3,20449e-003  7,85583e-003  1,00190e+000
-1,66834e+000  0,00000e+000  0,00000e+000  1,00210e+000 -4,36032e-004  1,61286e-018  3,29349e-018  2,04043e-003  8,44187e-003  1,00214e+000
-1,62814e+000  0,00000e+000  0,00000e+000  1,00152e+000 -1,65662e-003  1,49778e-018  3,46957e-018  6,75099e-003  5,79251e-003  1,00156e+000
-1,58794e+000  0,00000e+000  0,00000e+000  1,00028e+000 -2,34757e-003  3,22914e-018  1,74828e-018  9,08392e-003  7,70163e-004  1,00033e+000
-1,54774e+000  0,00000e+000  0,00000e+000  9,98801e-001 -2,18096e-003  3,34770e-018 -1,50456e-018  8,01856e-003 -4,80681e-003  9,98847e-001
-1,50754e+000  0,00000e+000  0,00000e+000  9,97632e-001 -1,12988e-003  1,72117e-018 -3,21392e-018  3,78992e-003 -8,81334e-003  9,97679e-001
-1,46734e+000  0,00000e+000  0,00000e+000  9,97274e-001  4,88819e-004  1,21761e-019 -3,34098e-018 -2,13649e-003 -9,61725e-003  9,97323e-001
-1,42714e+000  0,00000e+000  0,00000e+000  9,97961e-001  2,10005e-003 -3,22573e-018 -1,61298e-018 -7,56172e-003 -6,73195e-003  9,98015e-001
-1,38693e+000  0,00000e+000  0,00000e+000  9,99543e-001  3,06525e-003 -2,35844e-018 -1,08420e-019 -1,03576e-002 -1,06599e-003  9,99602e-001
-1,34673e+000  0,00000e+000  0,00000e+000  1,00150e+000  2,92370e-003 -3,34771e-018 -2,30181e-019 -9,28827e-003  5,34744e-003  1,00156e+000
-1,30653e+000  0,00000e+000  0,00000e+000  1,00311e+000  1,59335e-003 -3,46967e-018  3,18517e-018 -4,53661e-003  1,00666e-002  1,00317e+000
-1,26633e+000  0,00000e+000  0,00000e+000  1,00368e+000 -5,50404e-004 -1,21973e-019  2,35848e-018  2,28114e-003  1,11552e-002  1,00374e+000
-1,22613e+000  0,00000e+000  0,00000e+000  1,00284e+000 -2,76282e-003  4,91990e-018  3,45613e-018  8,64858e-003  7,95851e-003  1,00292e+000
-1,18593e+000  0,00000e+000  0,00000e+000  1,00075e+000 -4,17156e-003  4,03563e-018  2,11703e-022  1,20598e-002  1,43625e-003  1,00083e+000
-1,14573e+000  0,00000e+000  0,00000e+000  9,98047e-001 -4,09951e-003  6,69529e-018 -3,22571e-018  1,09844e-002 -6,10003e-003  9,98135e-001
-1,10553e+000  0,00000e+000  0,00000e+000  9,95730e-001 -2,35630e-003  3,44257e-018 -4,89957e-018  5,52297e-003 -1,17847e-002  9,95818e-001
-1,06533e+000  0,00000e+000  0,00000e+000  9,94784e-001  6,16565e-004  2,43734e-019 -4,96059e-018 -2,51643e-003 -1,32624e-002  9,94876e-001
-1,02513e+000  0,00000e+000  0,00000e+000  9,95809e-001  3,82228e-003 -3,11752e-018  1,33210e-020 -1,01892e-002 -9,63271e-003  9,95915e-001
-9,84925e-001  0,00000e+000  0,00000e+000  9,98721e-001  6,01005e-003 -5,70940e-018 -3,68630e-018 -1,44624e-002 -1,90797e-003  9,98845e-001
-9,44724e-001  0,00000e+000  0,00000e+000  1,00267e+000  6,12093e-003 -4,94712e-018  3,25261e-018 -1,33762e-002  7,22474e-003  1,00281e+000
-9,04523e-001  0,00000e+000  0,00000e+000  1,00626e+000  3,73263e-003 -3,46990e-018  4,83848e-018 -6,88872e-003  1,43006e-002  1,00639e+000
-8,64322e-001  0,00000e+000  0,00000e+000  1,00795e+000 -6,63178e-004 -2,17065e-019  4,83876e-018  2,94173e-003  1,63456e-002  1,00809e+000
-8,24121e-001  0,00000e+000  0,00000e+000  1,00669e+000 -5,68226e-003  3,11732e-018  6,69540e-018  1,25595e-002  1,20671e-002  1,00686e+000
-7,83920e-001  0,00000e+000  0,00000e+000  1,00237e+000 -9,41103e-003  8,19315e-018  3,46969e-018  1,81391e-002  2,51312e-003  1,00258e+000
-7,43719e-001  0,00000e+000  0,00000e+000  9,96062e-001 -1,00387e-002  6,68196e-018 -6,47853e-018  1,70322e-002 -9,09666e-003  9,96300e-001
-7,03518e-001  0,00000e+000  0,00000e+000  9,89899e-001 -6,57780e-003  3,44280e-018 -2,99553e-018  8,91222e-003 -1,83802e-002  9,90131e-001
-6,63317e-001  0,00000e+000  0,00000e+000  9,86448e-001  5,70862e-004  2,71313e-020 -9,92101e-018 -3,83948e-003 -2,13475e-002  9,86686e-001
-6,23116e-001  0,00000e+000  0,00000e+000  9,87860e-001  9,43880e-003 -6,45098e-018 -3,00933e-018 -1,67240e-002 -1,59791e-002  9,88176e-001
-5,82915e-001  0,00000e+000  0,00000e+000  9,94941e-001  1,68391e-002 -1,15065e-017 -4,63014e-022 -2,45774e-002 -3,25006e-003  9,95393e-001
-5,42714e-001  0,00000e+000  0,00000e+000  1,00649e+000  1,92341e-002 -9,69082e-018 -4,34131e-019 -2,34480e-002  1,28338e-002  1,00703e+000
-5,02513e-001  0,00000e+000  0,00000e+000  1,01917e+000  1,39449e-002 -6,45189e-018  9,70403e-018 -1,22701e-002  2,63088e-002  1,01968e+000
-4,62312e-001  0,00000e+000  0,00000e+000  1,02804e+000  3,88296e-004 -8,94809e-022  1,31599e-017  6,28207e-003  3,11802e-002  1,02853e+000
-4,22111e-001  0,00000e+000  0,00000e+000  1,02783e+000 -1,90271e-002  6,50517e-018  1,33774e-017  2,61460e-002  2,36285e-002  1,02861e+000
-3,81910e-001  0,00000e+000  0,00000e+000  1,01453e+000 -3,86599e-002  1,64256e-017  6,88588e-018  3,94336e-002  3,77879e-003  1,01604e+000
-3,41709e-001  0,00000e+000  0,00000e+000  9,87208e-001 -5,02011e-002  1,61690e-017  8,68659e-019  3,87938e-002 -2,35830e-002  9,89525e-001
-3,01508e-001  0,00000e+000  0,00000e+000  9,49476e-001 -4,39481e-002 -9,75013e-019 -1,30087e-017  1,98522e-002 -4,96222e-002  9,51994e-001
-2,61307e-001  0,00000e+000  0,00000e+000  9,10552e-001 -1,03824e-002 -1,06036e-019 -1,92446e-017 -1,71072e-002 -6,31446e-002  9,12958e-001
-2,21106e-001  0,00000e+000  0,00000e+000  8,86403e-001  5,87697e-002 -1,39833e-017 -1,94614e-017 -6,69494e-002 -5,23659e-002  8,92406e-001
-1,80905e-001  0,00000e+000  0,00000e+000  9,03553e-001  1,71770e-001 -1,23007e-017 -2,60209e-017 -1,21581e-001 -4,17277e-003  9,27746e-001
-1,40704e-001  0,00000e+000  0,00000e+000  1,01807e+000  3,46318e-001 -3,87240e-017  1,73472e-018 -1,75288e-001  1,09098e-001  1,09500e+000
-1,00503e-001  0,00000e+000  0,00000e+000  1,43962e+000  6,61335e-001 -3,85016e-017  3,46945e-018 -2,43720e-001  4,28259e-001  1,65912e+000
-6,03015e-002  0,00000e+000  0,00000e+000  0,00000e+000  0,00000e+000  0,00000e+000  0,00000e+000  0,00000e+000  0,00000e+000  0,00000e+000
-2,01005e-002  0,00000e+000  0,00000e+000  0,00000e+000  0,00000e+000  0,00000e+000  0,00000e+000  0,00000e+000  0,00000e+000  0,00000e+000
 2,01005e-002  0,00000e+000  0,00000e+000  0,00000e+000  0,00000e+000  0,00000e+000  0,00000e+000  0,00000e+000  0,00000e+000  0,00000e+000
 6,03015e-002  0,00000e+000  0,00000e+000  0,00000e+000  0,00000e+000  0,00000e+000  0,00000e+000  0,00000e+000  0,00000e+000  0,00000e+000
 1,00503e-001  0,00000e+000  0,00000e+000  1,43962e+000  6,61335e-001  0,00000e+000  0,00000e+000  2,43720e-001 -4,28259e-001  1,65912e+000
 1,40704e-001  0,00000e+000  0,00000e+000  1,01807e+000  3,46318e-001  0,00000e+000  0,00000e+000  1,75288e-001 -1,09098e-001  1,09500e+000
 1,80905e-001  0,00000e+000  0,00000e+000  9,03553e-001  1,71770e-001  0,00000e+000  0,00000e+000  1,21581e-001  4,17277e-003  9,27746e-001
 2,21106e-001  0,00000e+000  0,00000e+000  8,86403e-001  5,87697e-002  0,00000e+000  0,00000e+000  6,69494e-002  5,23659e-002  8,92406e-001
 2,61307e-001  0,00000e+000  0,00000e+000  9,10552e-001 -1,03824e-002  0,00000e+000  0,00000e+000  1,71072e-002  6,31446e-002  9,12958e-001
 3,01508e-001  0,00000e+000  0,00000e+000  9,49476e-001 -4,39481e-002  0,00000e+000  0,00000e+000 -1,98522e-002  4,96222e-002  9,51994e-001
 3,41709e-001  0,00000e+000  0,00000e+000  9,87208e-001 -5,02011e-002  0,00000e+000  0,00000e+000 -3,87938e-002  2,35830e-002  9,89525e-001
 3,81910e-001  0,00000e+000  0,00000e+000  1,01453e+000 -3,86599e-002  0,00000e+000  0,00000e+000 -3,94336e-002 -3,77879e-003  1,01604e+000
 4,22111e-001  0,00000e+000  0,00000e+000  1,02783e+000 -1,90271e-002  0,00000e+000  0,00000e+000 -2,61460e-002 -2,36285e-002  1,02861e+000
 4,62312e-001  0,00000e+000  0,00000e+000  1,02804e+000  3,88296e-004  0,00000e+000  0,00000e+000 -6,28207e-003 -3,11802e-002  1,02853e+000
 5,02513e-001  0,00000e+000  0,00000e+000  1,01917e+000  1,39449e-002  0,00000e+000  0,00000e+000  1,22701e-002 -2,63088e-002  1,01968e+000
 5,42714e-001  0,00000e+000  0,00000e+000  1,00649e+000  1,92341e-002  0,00000e+000  0,00000e+000  2,34480e-002 -1,28338e-002  1,00703e+000
 5,82915e-001  0,00000e+000  0,00000e+000  9,94941e-001  1,68391e-002  0,00000e+000  0,00000e+000  2,45774e-002  3,25006e-003  9,95393e-001
 6,23116e-001  0,00000e+000  0,00000e+000  9,87860e-001  9,43880e-003  0,00000e+000  0,00000e+000  1,67240e-002  1,59791e-002  9,88176e-001
 6,63317e-001  0,00000e+000  0,00000e+000  9,86448e-001  5,70862e-004  0,00000e+000  0,00000e+000  3,83948e-003  2,13475e-002  9,86686e-001
 7,03518e-001  0,00000e+000  0,00000e+000  9,89899e-001 -6,57780e-003  0,00000e+000  0,00000e+000 -8,91222e-003  1,83802e-002  9,90131e-001
 7,43719e-001  0,00000e+000  0,00000e+000  9,96062e-001 -1,00387e-002  0,00000e+000  0,00000e+000 -1,70322e-002  9,09666e-003  9,96300e-001
 7,83920e-001  0,00000e+000  0,00000e+000  1,00237e+000 -9,41103e-003  0,00000e+000  0,00000e+000 -1,81391e-002 -2,51312e-003  1,00258e+000
 8,24121e-001  0,00000e+000  0,00000e+000  1,00669e+000 -5,68226e-003  0,00000e+000  0,00000e+000 -1,25595e-002 -1,20671e-002  1,00686e+000
 8,64322e-001  0,00000e+000  0,00000e+000  1,00795e+000 -6,63178e-004  0,00000e+000  0,00000e+000 -2,94173e-003 -1,63456e-002  1,00809e+000
 9,04523e-001  0,00000e+000  0,00000e+000  1,00626e+000  3,73263e-003  0,00000e+000  0,00000e+000  6,88872e-003 -1,43006e-002  1,00639e+000
 9,44724e-001  0,00000e+000  0,00000e+000  1,00267e+000  6,12093e-003  0,00000e+000  0,00000e+000  1,33762e-002 -7,22474e-003  1,00281e+000
 9,84925e-001  0,00000e+000  0,00000e+000  9,98721e-001  6,01005e-003  0,00000e+000  0,00000e+000  1,44624e-002  1,90797e-003  9,98845e-001
 1,02513e+000  0,00000e+000  0,00000e+000  9,95809e-001  3,82228e-003  0,00000e+000  0,00000e+000  1,01892e-002  9,63271e-003  9,95915e-001
 1,06533e+000  0,00000e+000  0,00000e+000  9,94784e-001  6,16565e-004  0,00000e+000  0,00000e+000  2,51643e-003  1,32624e-002  9,94876e-001
 1,10553e+000  0,00000e+000  0,00000e+000  9,95730e-001 -2,35630e-003  0,00000e+000  0,00000e+000 -5,52297e-003  1,17847e-002  9,95818e-001
 1,14573e+000  0,00000e+000  0,00000e+000  9,98047e-001 -4,09951e-003  0,00000e+000  0,00000e+000 -1,09844e-002  6,10003e-003  9,98135e-001
 1,18593e+000  0,00000e+000  0,00000e+000  1,00075e+000 -4,17156e-003  0,00000e+000  0,00000e+000 -1,20598e-002 -1,43625e-003  1,00083e+000
 1,22613e+000  0,00000e+000  0,00000e+000  1,00284e+000 -2,76282e-003  0,00000e+000  0,00000e+000 -8,64858e-003 -7,95851e-003  1,00292e+000
 1,26633e+000  0,00000e+000  0,00000e+000  1,00368e+000 -5,50404e-004  0,00000e+000  0,00000e+000 -2,28114e-003 -1,11552e-002  1,00374e+000
 1,30653e+000  0,00000e+000  0,00000e+000  1,00311e+000  1,59335e-003  0,00000e+000  0,00000e+000  4,53661e-003 -1,00666e-002  1,00317e+000
 1,34673e+000  0,00000e+000  0,00000e+000  1,00150e+000  2,92370e-003  0,00000e+000  0,00000e+000  9,28827e-003 -5,34744e-003  1,00156e+000
 1,38693e+000  0,00000e+000  0,00000e+000  9,99543e-001  3,06525e-003  0,00000e+000  0,00000e+000  1,03576e-002  1,06599e-003  9,99602e-001
 1,42714e+000  0,00000e+000  0,00000e+000  9,97961e-001  2,10005e-003  0,00000e+000  0,00000e+000  7,56172e-003  6,73195e-003  9,98015e-001
 1,46734e+000  0,00000e+000  0,00000e+000  9,97274e-001  4,88819e-004  0,00000e+000  0,00000e+000  2,13649e-003  9,61725e-003  9,97323e-001
 1,50754e+000  0,00000e+000  0,00000e+000  9,97632e-001 -1,12988e-003  0,00000e+000  0,00000e+000 -3,78992e-003  8,81334e-003  9,97679e-001
 1,54774e+000  0,00000e+000  0,00000e+000  9,98801e-001 -2,18096e-003  0,00000e+000  0,00000e+000 -8,01856e-003  4,80681e-003  9,98847e-001
 1,58794e+000  0,00000e+000  0,00000e+000  1,00028e+000 -2,34757e-003  0,00000e+000  0,00000e+000 -9,08392e-003 -7,70163e-004  1,00033e+000
 1,62814e+000  0,00000e+000  0,00000e+000  1,00152e+000 -1,65662e-003  0,00000e+000  0,00000e+000 -6,75099e-003 -5,79251e-003  1,00156e+000
 1,66834e+000  0,00000e+000  0,00000e+000  1,00210e+000 -4,36032e-004  0,00000e+000  0,00000e+000 -2,04043e-003 -8,44187e-003  1,00214e+000
 1,70854e+000  0,00000e+000  0,00000e+000  1,00187e+000  8,29172e-004  0,00000e+000  0,00000e+000  3,20449e-003 -7,85583e-003  1,00190e+000
 1,74874e+000  0,00000e+000  0,00000e+000  1,00099e+000  1,68260e-003  0,00000e+000  0,00000e+000  7,03017e-003 -4,39840e-003  1,00102e+000
 1,78894e+000  0,00000e+000  0,00000e+000  9,99827e-001  1,85530e-003  0,00000e+000  0,00000e+000  8,09239e-003  5,29373e-004  9,99861e-001
 1,82915e+000  0,00000e+000  0,00000e+000  9,98830e-001  1,34452e-003  0,00000e+000  0,00000e+000  6,12118e-003  5,04870e-003  9,98862e-001
 1,86935e+000  0,00000e+000  0,00000e+000  9,98339e-001  3,91652e-004  0,00000e+000  0,00000e+000  1,97271e-003  7,51230e-003  9,98369e-001
 1,90955e+000  0,00000e+000  0,00000e+000  9,98488e-001 -6,24159e-004  0,00000e+000  0,00000e+000 -2,73278e-003  7,09848e-003  9,98517e-001
 1,94975e+000  0,00000e+000  0,00000e+000  9,99172e-001 -1,33245e-003  0,00000e+000  0,00000e+000 -6,23745e-003  4,07803e-003  9,99200e-001
 1,98995e+000  0,00000e+000  0,00000e+000  1,00010e+000 -1,50281e-003  0,00000e+000  0,00000e+000 -7,29686e-003 -3,30032e-004  1,00013e+000
 2,03015e+000  0,00000e+000  0,00000e+000  1,00092e+000 -1,11600e-003  0,00000e+000  0,00000e+000 -5,61648e-003 -4,44431e-003  1,00095e+000
 2,07035e+000  0,00000e+000  0,00000e+000  1,00135e+000 -3,54355e-004  0,00000e+000  0,00000e+000 -1,92257e-003 -6,75730e-003  1,00137e+000
 2,11055e+000  0,00000e+000  0,00000e+000  1,00125e+000  4,78878e-004  0,00000e+000  0,00000e+000  2,34433e-003 -6,48310e-003  1,00127e+000
 2,15075e+000  0,00000e+000  0,00000e+000  1,00071e+000  1,07732e-003  0,00000e+000  0,00000e+000  5,58652e-003 -3,81923e-003  1,00073e+000
 2,19095e+000  0,00000e+000  0,00000e+000  9,99949e-001  1,24162e-003  0,00000e+000  0,00000e+000  6,64318e-003  1,62537e-004  9,99971e-001
 2,23116e+000  0,00000e+000  0,00000e+000  9,99261e-001  9,43286e-004  0,00000e+000  0,00000e+000  5,20200e-003  3,94290e-003  9,99283e-001
 2,27136e+000  0,00000e+000  0,00000e+000  9,98890e-001  3,22815e-004  0,00000e+000  0,00000e+000  1,88391e-003  6,13088e-003  9,98910e-001
 2,31156e+000  0,00000e+000  0,00000e+000  9,98948e-001 -3,72693e-004  0,00000e+000  0,00000e+000 -2,01866e-003  5,97213e-003  9,98968e-001
 2,35176e+000  0,00000e+000  0,00000e+000  9,99385e-001 -8,85876e-004  0,00000e+000  0,00000e+000 -5,04168e-003  3,60519e-003  9,99404e-001
 2,39196e+000  0,00000e+000  0,00000e+000  1,00002e+000 -1,04261e-003  0,00000e+000  0,00000e+000 -6,09553e-003 -1,99798e-005  1,00004e+000
 2,43216e+000  0,00000e+000  0,00000e+000  1,00060e+000 -8,09309e-004  0,00000e+000  0,00000e+000 -4,85473e-003 -3,51974e-003  1,00062e+000
 2,47236e+000  0,00000e+000  0,00000e+000  1,00093e+000 -2,95918e-004  0,00000e+000  0,00000e+000 -1,85303e-003 -5,60193e-003  1,00095e+000
 2,51256e+000  0,00000e+000  0,00000e+000  1,00090e+000  2,93096e-004  0,00000e+000  0,00000e+000  1,74152e-003 -5,54025e-003  1,00092e+000
 2,55276e+000  0,00000e+000  0,00000e+000  1,00054e+000  7,38678e-004  0,00000e+000  0,00000e+000  4,57833e-003 -3,42469e-003  1,00056e+000
 2,59296e+000  0,00000e+000  0,00000e+000  1,00001e+000  8,87414e-004  0,00000e+000  0,00000e+000  5,62927e-003 -1,02705e-004  1,00002e+000
 2,63317e+000  0,00000e+000  0,00000e+000  9,99504e-001  7,03097e-004  0,00000e+000  0,00000e+000  4,55890e-003  3,15747e-003  9,99519e-001
 2,67337e+000  0,00000e+000  0,00000e+000  9,99211e-001  2,72775e-004  0,00000e+000  0,00000e+000  1,82758e-003  5,14869e-003  9,99226e-001
 2,71357e+000  0,00000e+000  0,00000e+000  9,99224e-001 -2,32164e-004  0,00000e+000  0,00000e+000 -1,50269e-003  5,16973e-003  9,99238e-001
 2,75377e+000  0,00000e+000  0,00000e+000  9,99520e-001 -6,23167e-004  0,00000e+000  0,00000e+000 -4,17897e-003  3,26997e-003  9,99534e-001
 2,79397e+000  0,00000e+000  0,00000e+000  9,99974e-001 -7,64007e-004  0,00000e+000  0,00000e+000 -5,22686e-003  2,09304e-004  9,99988e-001
 2,83417e+000  0,00000e+000  0,00000e+000  1,00041e+000 -6,17330e-004  0,00000e+000  0,00000e+000 -4,30332e-003 -2,84354e-003  1,00043e+000
 2,87437e+000  0,00000e+000  0,00000e+000  1,00068e+000 -2,52690e-004  0,00000e+000  0,00000e+000 -1,80601e-003 -4,75544e-003  1,00069e+000
 2,91457e+000  0,00000e+000  0,00000e+000  1,00068e+000  1,84690e-004  0,00000e+000  0,00000e+000  1,29464e-003 -4,84778e-003  1,00069e+000
 2,95477e+000  0,00000e+000  0,00000e+000  1,00043e+000  5,30931e-004  0,00000e+000  0,00000e+000  3,83081e-003 -3,13547e-003  1,00044e+000
 2,99497e+000  0,00000e+000  0,00000e+000  1,00004e+000  6,64219e-004  0,00000e+000  0,00000e+000  4,87548e-003 -3,02697e-004  1,00005e+000
 3,03518e+000  0,00000e+000  0,00000e+000  9,99653e-001  5,46969e-004  0,00000e+000  0,00000e+000  4,07982e-003  2,56862e-003  9,99665e-001
 3,07538e+000  0,00000e+000  0,00000e+000  9,99414e-001  2,35116e-004  0,00000e+000  0,00000e+000  1,78728e-003  4,41055e-003  9,99426e-001
 3,11558e+000  0,00000e+000  0,00000e+000  9,99403e-001 -1,47140e-004  0,00000e+000  0,00000e+000 -1,11171e-003  4,56494e-003  9,99414e-001
 3,15578e+000  0,00000e+000  0,00000e+000  9,99611e-001 -4,56170e-004  0,00000e+000  0,00000e+000 -3,52424e-003  3,01713e-003  9,99622e-001
 3,19598e+000  0,00000e+000  0,00000e+000  9,99952e-001 -5,82355e-004  0,00000e+000  0,00000e+000 -4,56554e-003  3,85110e-004  9,99963e-001
 3,23618e+000  0,00000e+000  0,00000e+000  1,00029e+000 -4,88447e-004  0,00000e+000  0,00000e+000 -3,88230e-003 -2,32569e-003  1,00030e+000
 3,27638e+000  0,00000e+000  0,00000e+000  1,00051e+000 -2,19622e-004  0,00000e+000  0,00000e+000 -1,77065e-003 -4,10523e-003  1,00052e+000
 3,31658e+000  0,00000e+000  0,00000e+000  1,00053e+000  1,17056e-004  0,00000e+000  0,00000e+000  9,49563e-004 -4,31406e-003  1,00054e+000
 3,35678e+000  0,00000e+000  0,00000e+000  1,00035e+000  3,94776e-004  0,00000e+000  0,00000e+000  3,25195e-003 -2,91189e-003  1,00036e+000
 3,39698e+000  0,00000e+000  0,00000e+000  1,00005e+000  5,14340e-004  0,00000e+000  0,00000e+000  4,28972e-003 -4,58290e-004  1,00006e+000
 3,43719e+000  0,00000e+000  0,00000e+000  9,99750e-001  4,39184e-004  0,00000e+000  0,00000e+000  3,70611e-003  2,10929e-003  9,99759e-001
 3,47739e+000  0,00000e+000  0,00000e+000  9,99551e-001  2,05866e-004  0,00000e+000  0,00000e+000  1,75559e-003  3,83270e-003  9,99560e-001
 3,51759e+000  0,00000e+000  0,00000e+000  9,99527e-001 -9,26821e-005  0,00000e+000  0,00000e+000 -8,04802e-004  4,08964e-003  9,99535e-001
 3,55779e+000  0,00000e+000  0,00000e+000  9,99677e-001 -3,43780e-004  0,00000e+000  0,00000e+000 -3,00824e-003  2,81741e-003  9,99686e-001
 3,59799e+000  0,00000e+000  0,00000e+000  9,99940e-001 -4,57200e-004  0,00000e+000  0,00000e+000 -4,04231e-003  5,23624e-004  9,99948e-001
 3,63819e+000  0,00000e+000  0,00000e+000  1,00021e+000 -3,97272e-004  0,00000e+000  0,00000e+000 -3,54766e-003 -1,91518e-003  1,00022e+000
 3,67839e+000  0,00000e+000  0,00000e+000  1,00040e+000 -1,93576e-004  0,00000e+000  0,00000e+000 -1,74171e-003 -3,58765e-003  1,00040e+000
 3,71859e+000  0,00000e+000  0,00000e+000  1,00043e+000  7,27437e-005  0,00000e+000  0,00000e+000  6,74753e-004 -3,88736e-003  1,00043e+000
 3,75879e+000  0,00000e+000  0,00000e+000  1,00030e+000  3,00989e-004  0,00000e+000  0,00000e+000  2,78865e-003 -2,73186e-003  1,00030e+000
 3,79899e+000  0,00000e+000  0,00000e+000  1,00006e+000  4,08719e-004  0,00000e+000  0,00000e+000  3,81885e-003 -5,82228e-004  1,00007e+000
 3,83920e+000  0,00000e+000  0,00000e+000  9,99817e-001  3,61276e-004  0,00000e+000  0,00000e+000  3,40410e-003  1,73996e-003  9,99824e-001
 3,87940e+000  0,00000e+000  0,00000e+000  9,99648e-001  1,82532e-004  0,00000e+000  0,00000e+000  1,72872e-003  3,36587e-003  9,99655e-001
 3,91960e+000  0,00000e+000  0,00000e+000  9,99616e-001 -5,62956e-005  0,00000e+000  0,00000e+000 -5,57270e-004  3,70381e-003  9,99623e-001
 3,95980e+000  0,00000e+000  0,00000e+000  9,99726e-001 -2,64758e-004  0,00000e+000  0,00000e+000 -2,58956e-003  2,65382e-003  9,99733e-001
 4,00000e+000  0,00000e+000  0,00000e+000  9,99934e-001 -3,67220e-004  0,00000e+000  0,00000e+000 -3,61574e-003  6,35009e-004  9,99941e-001
