    X       Y       Z       Ex.r       Ex.i       Ey.r       Ey.i       Ez.r       Ez.i       |E|^2
-2,20000e-001  0,00000e+000  0,00000e+000  1,07337e+000  4,41238e-003 -1,94824e-005  9,64591e-007 -4,28229e-005  1,25920e-003  1,07338e+000
-2,17789e-001  0,00000e+000  0,00000e+000  1,07538e+000  4,48968e-003 -1,98985e-005  9,34580e-007 -4,44435e-005  1,30835e-003  1,07539e+000
-2,15578e-001  0,00000e+000  0,00000e+000  1,07747e+000  4,56998e-003 -2,03261e-005  9,03632e-007 -4,61465e-005  1,36001e-003  1,07748e+000
-2,13367e-001  0,00000e+000  0,00000e+000  1,07964e+000  4,65343e-003 -2,07656e-005  8,71712e-007 -4,79368e-005  1,41431e-003  1,07965e+000
-2,11156e-001  0,00000e+000  0,00000e+000  1,08189e+000  4,74018e-003 -2,12174e-005  8,38787e-007 -4,98200e-005  1,47143e-003  1,08190e+000
-2,08945e-001  0,00000e+000  0,00000e+000  1,08424e+000  4,83041e-003 -2,16818e-005  8,04821e-007 -5,18019e-005  1,53156e-003  1,08425e+000
-2,06734e-001  0,00000e+000  0,00000e+000  1,08669e+000  4,92431e-003 -2,21593e-005  7,69777e-007 -5,38890e-005  1,59487e-003  1,08670e+000
-2,04523e-001  0,00000e+000  0,00000e+000  1,08923e+000  5,02205e-003 -2,26503e-005  7,33617e-007 -5,60881e-005  1,66158e-003  1,08925e+000
-2,02312e-001  0,00000e+000  0,00000e+000  1,09189e+000  5,12387e-003 -2,31552e-005  6,96300e-007 -5,84065e-005  1,73192e-003  1,09190e+000
-2,00101e-001  0,00000e+000  0,00000e+000  1,09466e+000  5,22996e-003 -2,36745e-005  6,57785e-007 -6,08523e-005  1,80612e-003  1,09467e+000
-1,97889e-001  0,00000e+000  0,00000e+000  1,09754e+000  5,34057e-003 -2,42087e-005  6,18027e-007 -6,34338e-005  1,88445e-003  1,09756e+000
-1,95678e-001  0,00000e+000  0,00000e+000  1,10055e+000  5,45595e-003 -2,47582e-005  5,76982e-007 -6,61605e-005  1,96718e-003  1,10057e+000
-1,93467e-001  0,00000e+000  0,00000e+000  1,10370e+000  5,57637e-003 -2,53236e-005  5,34601e-007 -6,90424e-005  2,05463e-003  1,10372e+000
-1,91256e-001  0,00000e+000  0,00000e+000  1,10699e+000  5,70210e-003 -2,59054e-005  4,90837e-007 -7,20902e-005  2,14712e-003  1,10700e+000
-1,89045e-001  0,00000e+000  0,00000e+000  1,11042e+000  5,83347e-003 -2,65040e-005  4,45638e-007 -7,53157e-005  2,24500e-003  1,11044e+000
-1,86834e-001  0,00000e+000  0,00000e+000  1,11401e+000  5,97080e-003 -2,71201e-005  3,98950e-007 -7,87315e-005  2,34867e-003  1,11403e+000
-1,84623e-001  0,00000e+000  0,00000e+000  1,11777e+000  6,11444e-003 -2,77542e-005  3,50719e-007 -8,23516e-005  2,45855e-003  1,11779e+000
-1,82412e-001  0,00000e+000  0,00000e+000  1,12171e+000  6,26476e-003 -2,84069e-005  3,00887e-007 -8,61907e-005  2,57508e-003  1,12173e+000
-1,80201e-001  0,00000e+000  0,00000e+000  1,12582e+000  6,42173e-003 -2,86304e-005  2,77964e-007 -9,02654e-005  2,69876e-003  1,12585e+000
-1,77990e-001  0,00000e+000  0,00000e+000  1,13015e+000  6,58711e-003 -2,97703e-005  1,96180e-007 -9,45930e-005  2,83014e-003  1,13018e+000
-1,75779e-001  0,00000e+000  0,00000e+000  1,13469e+000  6,76004e-003 -3,04822e-005  1,41180e-007 -9,91931e-005  2,96980e-003  1,13471e+000
-1,73568e-001  0,00000e+000  0,00000e+000  1,13944e+000  6,94147e-003 -3,12151e-005  8,43280e-008 -1,04087e-004  3,11838e-003  1,13947e+000
-1,71357e-001  0,00000e+000  0,00000e+000  1,14444e+000  7,13194e-003 -3,19696e-005  2,55573e-008 -1,09297e-004  3,27657e-003  1,14447e+000
-1,69146e-001  0,00000e+000  0,00000e+000  1,14969e+000  7,33203e-003 -3,27462e-005 -3,52018e-008 -1,14848e-004  3,44515e-003  1,14972e+000
-1,66935e-001  0,00000e+000  0,00000e+000  1,15522e+000  7,54238e-003 -3,35456e-005 -9,80200e-008 -1,20768e-004  3,62494e-003  1,15525e+000
-1,64724e-001  0,00000e+000  0,00000e+000  1,16103e+000  7,76366e-003 -3,43683e-005 -1,62969e-007 -1,27088e-004  3,81687e-003  1,16107e+000
-1,62513e-001  0,00000e+000  0,00000e+000  1,16716e+000  7,99661e-003 -3,52148e-005 -2,30122e-007 -1,33839e-004  4,02193e-003  1,16719e+000
-1,60302e-001  0,00000e+000  0,00000e+000  1,17361e+000  8,24203e-003 -3,60857e-005 -2,99550e-007 -1,41059e-004  4,24123e-003  1,17365e+000
-1,58090e-001  0,00000e+000  0,00000e+000  1,18042e+000  8,50079e-003 -3,69813e-005 -3,71325e-007 -1,48787e-004  4,47599e-003  1,18046e+000
-1,55879e-001  0,00000e+000  0,00000e+000  1,18760e+000  8,77383e-003 -3,79020e-005 -4,45514e-007 -1,57067e-004  4,72753e-003  1,18765e+000
-1,53668e-001  0,00000e+000  0,00000e+000  1,19520e+000  9,06216e-003 -3,88479e-005 -5,22182e-007 -1,65947e-004  4,99733e-003  1,19524e+000
-1,51457e-001  0,00000e+000  0,00000e+000  1,20322e+000  9,36689e-003 -3,98191e-005 -6,01384e-007 -1,75481e-004  5,28702e-003  1,20327e+000
-1,49246e-001  0,00000e+000  0,00000e+000  1,21172e+000  9,68924e-003 -4,08153e-005 -6,83168e-007 -1,85728e-004  5,59840e-003  1,21177e+000
-1,47035e-001  0,00000e+000  0,00000e+000  1,22072e+000  1,00305e-002 -4,18361e-005 -7,67564e-007 -1,96753e-004  5,93344e-003  1,22077e+000
-1,44824e-001  0,00000e+000  0,00000e+000  1,23026e+000  1,03922e-002 -4,28804e-005 -8,54583e-007 -2,08629e-004  6,29438e-003  1,23032e+000
-1,42613e-001  0,00000e+000  0,00000e+000  1,24038e+000  1,07757e-002 -4,39468e-005 -9,44206e-007 -2,21436e-004  6,68364e-003  1,24044e+000
-1,40402e-001  0,00000e+000  0,00000e+000  1,25113e+000  1,11830e-002 -4,50330e-005 -1,03637e-006 -2,35264e-004  7,10397e-003  1,25120e+000
-1,38191e-001  0,00000e+000  0,00000e+000  1,26256e+000  1,16158e-002 -4,61358e-005 -1,13097e-006 -2,50213e-004  7,55841e-003  1,26264e+000
-1,35980e-001  0,00000e+000  0,00000e+000  1,27473e+000  1,20762e-002 -4,72507e-005 -1,22781e-006 -2,66394e-004  8,05035e-003  1,27481e+000
-1,33769e-001  0,00000e+000  0,00000e+000  1,28769e+000  1,25665e-002 -4,83713e-005 -1,32659e-006 -2,83933e-004  8,58360e-003  1,28778e+000
-1,31558e-001  0,00000e+000  0,00000e+000  1,30152e+000  1,30892e-002 -4,94890e-005 -1,42687e-006 -3,02968e-004  9,16239e-003  1,30162e+000
-1,29347e-001  0,00000e+000  0,00000e+000  1,31628e+000  1,36471e-002 -5,05917e-005 -1,52803e-006 -3,23657e-004  9,79152e-003  1,31639e+000
-1,27136e-001  0,00000e+000  0,00000e+000  1,33206e+000  1,42432e-002 -5,16632e-005 -1,62917e-006 -3,46177e-004  1,04764e-002  1,33218e+000
-1,24925e-001  0,00000e+000  0,00000e+000  1,34895e+000  1,48810e-002 -5,26810e-005 -1,72900e-006 -3,70725e-004  1,12230e-002  1,34908e+000
-1,22714e-001  0,00000e+000  0,00000e+000  1,36706e+000  1,55640e-002 -5,36144e-005 -1,82576e-006 -3,97527e-004  1,20382e-002  1,36720e+000
-1,20503e-001  0,00000e+000  0,00000e+000  1,38648e+000  1,62966e-002 -5,44211e-005 -1,91692e-006 -4,26837e-004  1,29297e-002  1,38664e+000
-1,18291e-001  0,00000e+000  0,00000e+000  1,40735e+000  1,70833e-002 -5,50430e-005 -1,99900e-006 -4,58944e-004  1,39064e-002  1,40752e+000
-1,16080e-001  0,00000e+000  0,00000e+000  1,42980e+000  1,79292e-002 -5,53992e-005 -2,06709e-006 -4,94174e-004  1,49782e-002  1,42999e+000
-1,13869e-001  0,00000e+000  0,00000e+000  1,45400e+000  1,88401e-002 -5,53775e-005 -2,11430e-006 -5,32903e-004  1,61564e-002  1,45421e+000
-1,11658e-001  0,00000e+000  0,00000e+000  1,48010e+000  1,98224e-002 -5,48206e-005 -2,13091e-006 -5,75556e-004  1,74542e-002  1,48034e+000
-1,09447e-001  0,00000e+000  0,00000e+000  1,50831e+000  2,08832e-002 -5,35072e-005 -2,10315e-006 -6,22624e-004  1,88864e-002  1,50858e+000
-1,07236e-001  0,00000e+000  0,00000e+000  1,53885e+000  2,20305e-002 -5,11235e-005 -2,01143e-006 -6,74669e-004  2,04701e-002  1,53914e+000
-1,05025e-001  0,00000e+000  0,00000e+000  1,57195e+000  2,32734e-002 -4,72221e-005 -1,82768e-006 -7,32339e-004  2,22251e-002  1,57228e+000
-1,02814e-001  0,00000e+000  0,00000e+000  1,60789e+000  2,46218e-002 -4,11597e-005 -1,51145e-006 -7,96382e-004  2,41741e-002  1,60826e+000
-1,00603e-001  0,00000e+000  0,00000e+000  1,64699e+000  2,60870e-002 -3,20052e-005 -1,00405e-006 -8,67665e-004  2,63435e-002  1,64741e+000
-9,83920e-002  0,00000e+000  0,00000e+000  2,64927e-002  1,82225e-003 -7,86816e-006  6,42924e-007 -1,22649e-005  3,53044e-004  2,65576e-002
-9,61809e-002  0,00000e+000  0,00000e+000  2,70524e-002  1,84401e-003 -8,01600e-006  6,32801e-007 -1,26064e-005  3,63393e-004  2,71176e-002
-9,39698e-002  0,00000e+000  0,00000e+000  2,76287e-002  1,86641e-003 -8,16743e-006  6,22400e-007 -1,29609e-005  3,74131e-004  2,76942e-002
-9,17588e-002  0,00000e+000  0,00000e+000  2,82222e-002  1,88946e-003 -8,32254e-006  6,11712e-007 -1,33288e-005  3,85276e-004  2,82880e-002
-8,95477e-002  0,00000e+000  0,00000e+000  2,88335e-002  1,91320e-003 -8,48144e-006  6,00729e-007 -1,37108e-005  3,96847e-004  2,88996e-002
-8,73367e-002  0,00000e+000  0,00000e+000  2,94633e-002  1,93763e-003 -8,64423e-006  5,89443e-007 -1,41075e-005  4,08864e-004  2,95297e-002
-8,51256e-002  0,00000e+000  0,00000e+000  3,01123e-002  1,96280e-003 -8,81103e-006  5,77843e-007 -1,45197e-005  4,21348e-004  3,01792e-002
-8,29146e-002  0,00000e+000  0,00000e+000  3,07813e-002  1,98874e-003 -8,98197e-006  5,65920e-007 -1,49480e-005  4,34320e-004  3,08486e-002
-8,07035e-002  0,00000e+000  0,00000e+000  3,14711e-002  2,01546e-003 -9,15715e-006  5,53666e-007 -1,53932e-005  4,47804e-004  3,15388e-002
-7,84925e-002  0,00000e+000  0,00000e+000  3,21825e-002  2,04301e-003 -9,33672e-006  5,41069e-007 -1,58561e-005  4,61824e-004  3,22506e-002
-7,62814e-002  0,00000e+000  0,00000e+000  3,29163e-002  2,07141e-003 -9,52079e-006  5,28120e-007 -1,63376e-005  4,76407e-004  3,29849e-002
-7,40704e-002  0,00000e+000  0,00000e+000  3,36735e-002  2,10070e-003 -9,70950e-006  5,14807e-007 -1,68386e-005  4,91580e-004  3,37425e-002
-7,18593e-002  0,00000e+000  0,00000e+000  3,44549e-002  2,13091e-003 -9,90299e-006  5,01119e-007 -1,73600e-005  5,07371e-004  3,45245e-002
-6,96482e-002  0,00000e+000  0,00000e+000  3,52617e-002  2,16209e-003 -1,01014e-005  4,87044e-007 -1,79029e-005  5,23813e-004  3,53318e-002
-6,74372e-002  0,00000e+000  0,00000e+000  3,60947e-002  2,19428e-003 -1,03049e-005  4,72571e-007 -1,84683e-005  5,40936e-004  3,61654e-002
-6,52261e-002  0,00000e+000  0,00000e+000  3,69552e-002  2,22750e-003 -1,05136e-005  4,57687e-007 -1,90574e-005  5,58775e-004  3,70265e-002
-6,30151e-002  0,00000e+000  0,00000e+000  3,78443e-002  2,26182e-003 -1,07277e-005  4,42379e-007 -1,96713e-005  5,77367e-004  3,79163e-002
-6,08040e-002  0,00000e+000  0,00000e+000  3,87632e-002  2,29727e-003 -1,09474e-005  4,26633e-007 -2,03113e-005  5,96751e-004  3,88358e-002
-5,85930e-002  0,00000e+000  0,00000e+000  3,97131e-002  2,33390e-003 -1,11728e-005  4,10435e-007 -2,09788e-005  6,16966e-004  3,97864e-002
-5,63819e-002  0,00000e+000  0,00000e+000  4,06954e-002  2,37176e-003 -1,14041e-005  3,93771e-007 -2,16752e-005  6,38058e-004  4,07695e-002
-5,41709e-002  0,00000e+000  0,00000e+000  4,17115e-002  2,41091e-003 -1,16415e-005  3,76625e-007 -2,24021e-005  6,60072e-004  4,17864e-002
-5,19598e-002  0,00000e+000  0,00000e+000  4,27629e-002  2,45141e-003 -1,18851e-005  3,58982e-007 -2,31610e-005  6,83056e-004  4,28386e-002
-4,97487e-002  0,00000e+000  0,00000e+000  4,38512e-002  2,49330e-003 -1,21353e-005  3,40826e-007 -2,39536e-005  7,07064e-004  4,39277e-002
-4,75377e-002  0,00000e+000  0,00000e+000  4,49779e-002  2,53666e-003 -1,23921e-005  3,22139e-007 -2,47818e-005  7,32150e-004  4,50553e-002
-4,53266e-002  0,00000e+000  0,00000e+000  4,61449e-002  2,58155e-003 -1,26558e-005  3,02904e-007 -2,56475e-005  7,58373e-004  4,62232e-002
-4,31156e-002  0,00000e+000  0,00000e+000  4,73538e-002  2,62804e-003 -1,29266e-005  2,83102e-007 -2,65528e-005  7,85796e-004  4,74332e-002
-4,09045e-002  0,00000e+000  0,00000e+000  4,86068e-002  2,67620e-003 -1,32048e-005  2,62716e-007 -2,74999e-005  8,14485e-004  4,86873e-002
-3,86935e-002  0,00000e+000  0,00000e+000  4,99058e-002  2,72611e-003 -1,34905e-005  2,41723e-007 -2,84911e-005  8,44513e-004  4,99873e-002
-3,64824e-002  0,00000e+000  0,00000e+000  5,12529e-002  2,77785e-003 -1,37840e-005  2,20105e-007 -2,95289e-005  8,75953e-004  5,13356e-002
-3,42714e-002  0,00000e+000  0,00000e+000  5,26505e-002  2,83151e-003 -1,40856e-005  1,97840e-007 -3,06160e-005  9,08889e-004  5,27344e-002
-3,20603e-002  0,00000e+000  0,00000e+000  5,41009e-002  2,88718e-003 -1,43956e-005  1,74905e-007 -3,17552e-005  9,43405e-004  5,41861e-002
-2,98492e-002  0,00000e+000  0,00000e+000  5,56067e-002  2,94495e-003 -1,47141e-005  1,51277e-007 -3,29495e-005  9,79594e-004  5,56933e-002
-2,76382e-002  0,00000e+000  0,00000e+000  5,71706e-002  3,00493e-003 -1,50415e-005  1,26933e-007 -3,42023e-005  1,01756e-003  5,72585e-002
-2,54271e-002  0,00000e+000  0,00000e+000  5,87954e-002  3,06722e-003 -1,53781e-005  1,01846e-007 -3,55169e-005  1,05739e-003  5,88848e-002
-2,32161e-002  0,00000e+000  0,00000e+000  6,04841e-002  3,13194e-003 -1,57242e-005  7,59910e-008 -3,68971e-005  1,09922e-003  6,05751e-002
-2,10050e-002  0,00000e+000  0,00000e+000  6,22400e-002  3,19920e-003 -1,60800e-005  4,93407e-008 -3,83469e-005  1,14316e-003  6,23326e-002
-1,87940e-002  0,00000e+000  0,00000e+000  6,40664e-002  3,26915e-003 -1,64460e-005  2,18665e-008 -3,98705e-005  1,18934e-003  6,41608e-002
-1,65829e-002  0,00000e+000  0,00000e+000  6,59669e-002  3,34191e-003 -1,68224e-005 -6,46087e-009 -4,14725e-005  1,23790e-003  6,60631e-002
-1,43719e-002  0,00000e+000  0,00000e+000  6,79455e-002  3,41763e-003 -1,72096e-005 -3,56724e-008 -4,31578e-005  1,28899e-003  6,80436e-002
-1,21608e-002  0,00000e+000  0,00000e+000  7,00061e-002  3,49646e-003 -1,76079e-005 -6,58000e-008 -4,49317e-005  1,34276e-003  7,01062e-002
-9,94975e-003  0,00000e+000  0,00000e+000  7,21530e-002  3,57857e-003 -1,80178e-005 -9,68770e-008 -4,67998e-005  1,39940e-003  7,22553e-002
-7,73869e-003  0,00000e+000  0,00000e+000  7,43910e-002  3,66413e-003 -1,84396e-005 -1,28938e-007 -4,87683e-005  1,45909e-003  7,44955e-002
-5,52764e-003  0,00000e+000  0,00000e+000  7,67248e-002  3,75332e-003 -1,88737e-005 -1,62020e-007 -5,08436e-005  1,52201e-003  7,68317e-002
-3,31658e-003  0,00000e+000  0,00000e+000  7,91598e-002  3,84635e-003 -1,93205e-005 -1,96160e-007 -5,30328e-005  1,58840e-003  7,92691e-002
-1,10553e-003  0,00000e+000  0,00000e+000  8,17014e-002  3,94342e-003 -1,97804e-005 -2,31398e-007 -5,53437e-005  1,65848e-003  8,18134e-002
 1,10553e-003  0,00000e+000  0,00000e+000  8,43557e-002  4,04476e-003 -2,02540e-005 -2,67774e-007 -5,77842e-005  1,73250e-003  8,44704e-002
 3,31658e-003  0,00000e+000  0,00000e+000  8,71290e-002  4,15061e-003 -2,07416e-005 -3,05332e-007 -6,03634e-005  1,81074e-003  8,72466e-002
 5,52764e-003  0,00000e+000  0,00000e+000  9,00281e-002  4,26122e-003 -2,12436e-005 -3,44115e-007 -6,30908e-005  1,89347e-003  9,01488e-002
 7,73869e-003  0,00000e+000  0,00000e+000  9,30602e-002  4,37687e-003 -2,17607e-005 -3,84170e-007 -6,59768e-005  1,98102e-003  9,31841e-002
 9,94975e-003  0,00000e+000  0,00000e+000  9,62331e-002  4,49785e-003 -2,22933e-005 -4,25546e-007 -6,90326e-005  2,07373e-003  9,63605e-002
 1,21608e-002  0,00000e+000  0,00000e+000  9,95552e-002  4,62447e-003 -2,28419e-005 -4,68291e-007 -7,22704e-005  2,17197e-003  9,96862e-002
 1,43719e-002  0,00000e+000  0,00000e+000  1,03035e-001  4,75707e-003 -2,34070e-005 -5,12460e-007 -7,57034e-005  2,27614e-003  1,03170e-001
 1,65829e-002  0,00000e+000  0,00000e+000  1,06683e-001  4,89601e-003 -2,39891e-005 -5,58104e-007 -7,93458e-005  2,38668e-003  1,06822e-001
 1,87940e-002  0,00000e+000  0,00000e+000  1,10509e-001  5,04168e-003 -2,45889e-005 -6,05282e-007 -8,32133e-005  2,50405e-003  1,10652e-001
 2,10050e-002  0,00000e+000  0,00000e+000  1,14523e-001  5,19450e-003 -2,52069e-005 -6,54051e-007 -8,73228e-005  2,62879e-003  1,14671e-001
 2,32161e-002  0,00000e+000  0,00000e+000  1,18739e-001  5,35490e-003 -2,58435e-005 -7,04471e-007 -9,16928e-005  2,76143e-003  1,18891e-001
 2,54271e-002  0,00000e+000  0,00000e+000  1,23168e-001  5,52337e-003 -2,64995e-005 -7,56605e-007 -9,63434e-005  2,90261e-003  1,23326e-001
 2,76382e-002  0,00000e+000  0,00000e+000  1,27824e-001  5,70044e-003 -2,71754e-005 -8,10517e-007 -1,01296e-004  3,05299e-003  1,27987e-001
 2,98492e-002  0,00000e+000  0,00000e+000  1,32723e-001  5,88665e-003 -2,78717e-005 -8,66272e-007 -1,06576e-004  3,21329e-003  1,32892e-001
 3,20603e-002  0,00000e+000  0,00000e+000  1,37880e-001  6,08261e-003 -2,85890e-005 -9,23939e-007 -1,12208e-004  3,38431e-003  1,38055e-001
 3,42714e-002  0,00000e+000  0,00000e+000  1,43312e-001  6,28897e-003 -2,93279e-005 -9,83587e-007 -1,18222e-004  3,56694e-003  1,43494e-001
 3,64824e-002  0,00000e+000  0,00000e+000  1,49039e-001  6,50645e-003 -3,00888e-005 -1,04528e-006 -1,24649e-004  3,76212e-003  1,49229e-001
 3,86935e-002  0,00000e+000  0,00000e+000  1,55081e-001  6,73579e-003 -3,08722e-005 -1,10916e-006 -1,31523e-004  3,97091e-003  1,55278e-001
 4,09045e-002  0,00000e+000  0,00000e+000  1,61459e-001  6,97783e-003 -3,16785e-005 -1,17510e-006 -1,38883e-004  4,19447e-003  1,61664e-001
 4,31156e-002  0,00000e+000  0,00000e+000  1,68198e-001  7,23347e-003 -3,25082e-005 -1,24336e-006 -1,46771e-004  4,43407e-003  1,68412e-001
 4,53266e-002  0,00000e+000  0,00000e+000  1,75324e-001  7,50367e-003 -3,33612e-005 -1,31393e-006 -1,55231e-004  4,69112e-003  1,75547e-001
 4,75377e-002  0,00000e+000  0,00000e+000  1,82865e-001  7,78951e-003 -3,42378e-005 -1,38687e-006 -1,64317e-004  4,96716e-003  1,83098e-001
 4,97487e-002  0,00000e+000  0,00000e+000  1,90851e-001  8,09212e-003 -3,51378e-005 -1,46224e-006 -1,74083e-004  5,26391e-003  1,91095e-001
 5,19598e-002  0,00000e+000  0,00000e+000  1,99316e-001  8,41278e-003 -3,60607e-005 -1,54006e-006 -1,84592e-004  5,58326e-003  1,99572e-001
 5,41709e-002  0,00000e+000  0,00000e+000  2,08298e-001  8,75285e-003 -3,70057e-005 -1,62036e-006 -1,95912e-004  5,92731e-003  2,08566e-001
 5,63819e-002  0,00000e+000  0,00000e+000  2,17835e-001  9,11384e-003 -3,79717e-005 -1,70312e-006 -2,08122e-004  6,29839e-003  2,18117e-001
 5,85930e-002  0,00000e+000  0,00000e+000  2,27972e-001  9,49738e-003 -3,89566e-005 -1,78831e-006 -2,21305e-004  6,69910e-003  2,28269e-001
 6,08040e-002  0,00000e+000  0,00000e+000  2,38758e-001  9,90529e-003 -3,99576e-005 -1,87582e-006 -2,35556e-004  7,13233e-003  2,39069e-001
 6,30151e-002  0,00000e+000  0,00000e+000  2,50243e-001  1,03395e-002 -4,09708e-005 -1,96551e-006 -2,50983e-004  7,60130e-003  2,50572e-001
 6,52261e-002  0,00000e+000  0,00000e+000  2,62488e-001  1,08023e-002 -4,19908e-005 -2,05712e-006 -2,67701e-004  8,10961e-003  2,62836e-001
 6,74372e-002  0,00000e+000  0,00000e+000  2,75556e-001  1,12959e-002 -4,30099e-005 -2,15028e-006 -2,85845e-004  8,66129e-003  2,75923e-001
 6,96482e-002  0,00000e+000  0,00000e+000  2,89517e-001  1,18230e-002 -4,40176e-005 -2,24446e-006 -3,05563e-004  9,26086e-003  2,89906e-001
 7,18593e-002  0,00000e+000  0,00000e+000  3,04449e-001  1,23866e-002 -4,49999e-005 -2,33888e-006 -3,27021e-004  9,91343e-003  3,04862e-001
 7,40704e-002  0,00000e+000  0,00000e+000  3,20438e-001  1,29898e-002 -4,59371e-005 -2,43245e-006 -3,50408e-004  1,06247e-002  3,20877e-001
 7,62814e-002  0,00000e+000  0,00000e+000  3,37580e-001  1,36363e-002 -4,68026e-005 -2,52363e-006 -3,75936e-004  1,14011e-002  3,38048e-001
 7,84925e-002  0,00000e+000  0,00000e+000  3,55982e-001  1,43298e-002 -4,75598e-005 -2,61026e-006 -4,03845e-004  1,22500e-002  3,56481e-001
 8,07035e-002  0,00000e+000  0,00000e+000  3,75760e-001  1,50749e-002 -4,81583e-005 -2,68935e-006 -4,34406e-004  1,31797e-002  3,76293e-001
 8,29146e-002  0,00000e+000  0,00000e+000  3,97046e-001  1,58765e-002 -4,85285e-005 -2,75667e-006 -4,67929e-004  1,41995e-002  3,97617e-001
 8,51256e-002  0,00000e+000  0,00000e+000  4,19987e-001  1,67398e-002 -4,85737e-005 -2,80632e-006 -5,04766e-004  1,53202e-002  4,20600e-001
 8,73367e-002  0,00000e+000  0,00000e+000  4,44747e-001  1,76711e-002 -4,81590e-005 -2,82999e-006 -5,45317e-004  1,65541e-002  4,45406e-001
 8,95477e-002  0,00000e+000  0,00000e+000  4,71509e-001  1,86771e-002 -4,70950e-005 -2,81592e-006 -5,90043e-004  1,79150e-002  4,72219e-001
 9,17588e-002  0,00000e+000  0,00000e+000  5,00479e-001  1,97654e-002 -4,51141e-005 -2,74744e-006 -6,39471e-004  1,94190e-002  5,01246e-001
 9,39698e-002  0,00000e+000  0,00000e+000  5,31889e-001  2,09444e-002 -4,18357e-005 -2,60070e-006 -6,94207e-004  2,10847e-002  5,32719e-001
 9,61809e-002  0,00000e+000  0,00000e+000  5,65998e-001  2,22238e-002 -3,67149e-005 -2,34149e-006 -7,54951e-004  2,29333e-002  5,66899e-001
 9,83920e-002  0,00000e+000  0,00000e+000  6,03100e-001  2,36141e-002 -2,89652e-005 -1,92027e-006 -8,22515e-004  2,49896e-002  6,04080e-001
 1,00603e-001  0,00000e+000  0,00000e+000  0,00000e+000  0,00000e+000  0,00000e+000  0,00000e+000  0,00000e+000  0,00000e+000  0,00000e+000
 1,02814e-001  0,00000e+000  0,00000e+000  0,00000e+000  0,00000e+000  0,00000e+000  0,00000e+000  0,00000e+000  0,00000e+000  0,00000e+000
 1,05025e-001  0,00000e+000  0,00000e+000  0,00000e+000  0,00000e+000  0,00000e+000  0,00000e+000  0,00000e+000  0,00000e+000  0,00000e+000
 1,07236e-001  0,00000e+000  0,00000e+000  0,00000e+000  0,00000e+000  0,00000e+000  0,00000e+000  0,00000e+000  0,00000e+000  0,00000e+000
 1,09447e-001  0,00000e+000  0,00000e+000  0,00000e+000  0,00000e+000  0,00000e+000  0,00000e+000  0,00000e+000  0,00000e+000  0,00000e+000
 1,11658e-001  0,00000e+000  0,00000e+000  0,00000e+000  0,00000e+000  0,00000e+000  0,00000e+000  0,00000e+000  0,00000e+000  0,00000e+000
 1,13869e-001  0,00000e+000  0,00000e+000  0,00000e+000  0,00000e+000  0,00000e+000  0,00000e+000  0,00000e+000  0,00000e+000  0,00000e+000
 1,16080e-001  0,00000e+000  0,00000e+000  0,00000e+000  0,00000e+000  0,00000e+000  0,00000e+000  0,00000e+000  0,00000e+000  0,00000e+000
 1,18291e-001  0,00000e+000  0,00000e+000  0,00000e+000  0,00000e+000  0,00000e+000  0,00000e+000  0,00000e+000  0,00000e+000  0,00000e+000
 1,20503e-001  0,00000e+000  0,00000e+000  0,00000e+000  0,00000e+000  0,00000e+000  0,00000e+000  0,00000e+000  0,00000e+000  0,00000e+000
 1,22714e-001  0,00000e+000  0,00000e+000  0,00000e+000  0,00000e+000  0,00000e+000  0,00000e+000  0,00000e+000  0,00000e+000  0,00000e+000
 1,24925e-001  0,00000e+000  0,00000e+000  0,00000e+000  0,00000e+000  0,00000e+000  0,00000e+000  0,00000e+000  0,00000e+000  0,00000e+000
 1,27136e-001  0,00000e+000  0,00000e+000  0,00000e+000  0,00000e+000  0,00000e+000  0,00000e+000  0,00000e+000  0,00000e+000  0,00000e+000
 1,29347e-001  0,00000e+000  0,00000e+000  0,00000e+000  0,00000e+000  0,00000e+000  0,00000e+000  0,00000e+000  0,00000e+000  0,00000e+000
 1,31558e-001  0,00000e+000  0,00000e+000  0,00000e+000  0,00000e+000  0,00000e+000  0,00000e+000  0,00000e+000  0,00000e+000  0,00000e+000
 1,33769e-001  0,00000e+000  0,00000e+000  0,00000e+000  0,00000e+000  0,00000e+000  0,00000e+000  0,00000e+000  0,00000e+000  0,00000e+000
 1,35980e-001  0,00000e+000  0,00000e+000  0,00000e+000  0,00000e+000  0,00000e+000  0,00000e+000  0,00000e+000  0,00000e+000  0,00000e+000
 1,38191e-001  0,00000e+000  0,00000e+000  0,00000e+000  0,00000e+000  0,00000e+000  0,00000e+000  0,00000e+000  0,00000e+000  0,00000e+000
 1,40402e-001  0,00000e+000  0,00000e+000  0,00000e+000  0,00000e+000  0,00000e+000  0,00000e+000  0,00000e+000  0,00000e+000  0,00000e+000
 1,42613e-001  0,00000e+000  0,00000e+000  0,00000e+000  0,00000e+000  0,00000e+000  0,00000e+000  0,00000e+000  0,00000e+000  0,00000e+000
 1,44824e-001  0,00000e+000  0,00000e+000  0,00000e+000  0,00000e+000  0,00000e+000  0,00000e+000  0,00000e+000  0,00000e+000  0,00000e+000
 1,47035e-001  0,00000e+000  0,00000e+000  0,00000e+000  0,00000e+000  0,00000e+000  0,00000e+000  0,00000e+000  0,00000e+000  0,00000e+000
 1,49246e-001  0,00000e+000  0,00000e+000  0,00000e+000  0,00000e+000  0,00000e+000  0,00000e+000  0,00000e+000  0,00000e+000  0,00000e+000
 1,51457e-001  0,00000e+000  0,00000e+000  0,00000e+000  0,00000e+000  0,00000e+000  0,00000e+000  0,00000e+000  0,00000e+000  0,00000e+000
 1,53668e-001  0,00000e+000  0,00000e+000  0,00000e+000  0,00000e+000  0,00000e+000  0,00000e+000  0,00000e+000  0,00000e+000  0,00000e+000
 1,55879e-001  0,00000e+000  0,00000e+000  0,00000e+000  0,00000e+000  0,00000e+000  0,00000e+000  0,00000e+000  0,00000e+000  0,00000e+000
 1,58090e-001  0,00000e+000  0,00000e+000  0,00000e+000  0,00000e+000  0,00000e+000  0,00000e+000  0,00000e+000  0,00000e+000  0,00000e+000
 1,60302e-001  0,00000e+000  0,00000e+000  0,00000e+000  0,00000e+000  0,00000e+000  0,00000e+000  0,00000e+000  0,00000e+000  0,00000e+000
 1,62513e-001  0,00000e+000  0,00000e+000  0,00000e+000  0,00000e+000  0,00000e+000  0,00000e+000  0,00000e+000  0,00000e+000  0,00000e+000
 1,64724e-001  0,00000e+000  0,00000e+000  0,00000e+000  0,00000e+000  0,00000e+000  0,00000e+000  0,00000e+000  0,00000e+000  0,00000e+000
 1,66935e-001  0,00000e+000  0,00000e+000  0,00000e+000  0,00000e+000  0,00000e+000  0,00000e+000  0,00000e+000  0,00000e+000  0,00000e+000
 1,69146e-001  0,00000e+000  0,00000e+000  0,00000e+000  0,00000e+000  0,00000e+000  0,00000e+000  0,00000e+000  0,00000e+000  0,00000e+000
 1,71357e-001  0,00000e+000  0,00000e+000  0,00000e+000  0,00000e+000  0,00000e+000  0,00000e+000  0,00000e+000  0,00000e+000  0,00000e+000
 1,73568e-001  0,00000e+000  0,00000e+000  0,00000e+000  0,00000e+000  0,00000e+000  0,00000e+000  0,00000e+000  0,00000e+000  0,00000e+000
 1,75779e-001  0,00000e+000  0,00000e+000  0,00000e+000  0,00000e+000  0,00000e+000  0,00000e+000  0,00000e+000  0,00000e+000  0,00000e+000
 1,77990e-001  0,00000e+000  0,00000e+000  0,00000e+000  0,00000e+000  0,00000e+000  0,00000e+000  0,00000e+000  0,00000e+000  0,00000e+000
 1,80201e-001  0,00000e+000  0,00000e+000  0,00000e+000  0,00000e+000  0,00000e+000  0,00000e+000  0,00000e+000  0,00000e+000  0,00000e+000
 1,82412e-001  0,00000e+000  0,00000e+000  0,00000e+000  0,00000e+000  0,00000e+000  0,00000e+000  0,00000e+000  0,00000e+000  0,00000e+000
 1,84623e-001  0,00000e+000  0,00000e+000  0,00000e+000  0,00000e+000  0,00000e+000  0,00000e+000  0,00000e+000  0,00000e+000  0,00000e+000
 1,86834e-001  0,00000e+000  0,00000e+000  0,00000e+000  0,00000e+000  0,00000e+000  0,00000e+000  0,00000e+000  0,00000e+000  0,00000e+000
 1,89045e-001  0,00000e+000  0,00000e+000  0,00000e+000  0,00000e+000  0,00000e+000  0,00000e+000  0,00000e+000  0,00000e+000  0,00000e+000
 1,91256e-001  0,00000e+000  0,00000e+000  0,00000e+000  0,00000e+000  0,00000e+000  0,00000e+000  0,00000e+000  0,00000e+000  0,00000e+000
 1,93467e-001  0,00000e+000  0,00000e+000  0,00000e+000  0,00000e+000  0,00000e+000  0,00000e+000  0,00000e+000  0,00000e+000  0,00000e+000
 1,95678e-001  0,00000e+000  0,00000e+000  0,00000e+000  0,00000e+000  0,00000e+000  0,00000e+000  0,00000e+000  0,00000e+000  0,00000e+000
 1,97889e-001  0,00000e+000  0,00000e+000  0,00000e+000  0,00000e+000  0,00000e+000  0,00000e+000  0,00000e+000  0,00000e+000  0,00000e+000
 2,00101e-001  0,00000e+000  0,00000e+000  0,00000e+000  0,00000e+000  0,00000e+000  0,00000e+000  0,00000e+000  0,00000e+000  0,00000e+000
 2,02312e-001  0,00000e+000  0,00000e+000  0,00000e+000  0,00000e+000  0,00000e+000  0,00000e+000  0,00000e+000  0,00000e+000  0,00000e+000
 2,04523e-001  0,00000e+000  0,00000e+000  0,00000e+000  0,00000e+000  0,00000e+000  0,00000e+000  0,00000e+000  0,00000e+000  0,00000e+000
 2,06734e-001  0,00000e+000  0,00000e+000  0,00000e+000  0,00000e+000  0,00000e+000  0,00000e+000  0,00000e+000  0,00000e+000  0,00000e+000
 2,08945e-001  0,00000e+000  0,00000e+000  0,00000e+000  0,00000e+000  0,00000e+000  0,00000e+000  0,00000e+000  0,00000e+000  0,00000e+000
 2,11156e-001  0,00000e+000  0,00000e+000  0,00000e+000  0,00000e+000  0,00000e+000  0,00000e+000  0,00000e+000  0,00000e+000  0,00000e+000
 2,13367e-001  0,00000e+000  0,00000e+000  0,00000e+000  0,00000e+000  0,00000e+000  0,00000e+000  0,00000e+000  0,00000e+000  0,00000e+000
 2,15578e-001  0,00000e+000  0,00000e+000  0,00000e+000  0,00000e+000  0,00000e+000  0,00000e+000  0,00000e+000  0,00000e+000  0,00000e+000
 2,17789e-001  0,00000e+000  0,00000e+000  0,00000e+000  0,00000e+000  0,00000e+000  0,00000e+000  0,00000e+000  0,00000e+000  0,00000e+000
 2,20000e-001  0,00000e+000  0,00000e+000  0,00000e+000  0,00000e+000  0,00000e+000  0,00000e+000  0,00000e+000  0,00000e+000  0,00000e+000
