    X       Y       Z       Ex.r       Ex.i       Ey.r       Ey.i       Ez.r       Ez.i       |E|^2
-3,00000e+002  0,00000e+000  0,00000e+000  9,61811e-001  2,20792e-001 -1,27995e-017 -1,12926e-017 -2,07905e-001  1,91293e-001  1,02647e+000
-2,98496e+002  0,00000e+000  0,00000e+000  9,65700e-001  2,27742e-001 -1,27789e-017 -2,23514e-017 -2,07455e-001  1,97752e-001  1,03276e+000
-2,96992e+002  0,00000e+000  0,00000e+000  9,69835e-001  2,34868e-001 -1,63101e-017  2,80194e-018 -2,06977e-001  2,04332e-001  1,03939e+000
-2,95489e+002  0,00000e+000  0,00000e+000  9,74230e-001  2,42174e-001 -1,55041e-017 -3,90482e-017 -2,06473e-001  2,11042e-001  1,04640e+000
-2,93985e+002  0,00000e+000  0,00000e+000  9,78898e-001  2,49667e-001 -1,11204e-017 -1,04252e-017 -2,05946e-001  2,17889e-001  1,05379e+000
-2,92481e+002  0,00000e+000  0,00000e+000  9,83854e-001  2,57352e-001 -1,28889e-017 -9,99165e-018 -2,05399e-001  2,24882e-001  1,06158e+000
-2,90977e+002  0,00000e+000  0,00000e+000  9,89112e-001  2,65237e-001 -1,55822e-017 -3,79640e-017 -2,04833e-001  2,32031e-001  1,06981e+000
-2,89474e+002  0,00000e+000  0,00000e+000  9,94690e-001  2,73330e-001 -1,64581e-017 -1,21600e-017 -2,04251e-001  2,39345e-001  1,07848e+000
-2,87970e+002  0,00000e+000  0,00000e+000  1,00060e+000  2,81637e-001 -1,56210e-017 -1,19433e-017 -2,03657e-001  2,46836e-001  1,08763e+000
-2,86466e+002  0,00000e+000  0,00000e+000  1,00687e+000  2,90167e-001 -1,82061e-017 -1,36780e-017 -2,03054e-001  2,54515e-001  1,09727e+000
-2,84962e+002  0,00000e+000  0,00000e+000  1,01351e+000  2,98929e-001 -1,48088e-017 -2,71219e-017 -2,02445e-001  2,62396e-001  1,10743e+000
-2,83459e+002  0,00000e+000  0,00000e+000  1,02055e+000  3,07931e-001 -1,83172e-017 -4,14300e-017 -2,01834e-001  2,70493e-001  1,11815e+000
-2,81955e+002  0,00000e+000  0,00000e+000  1,02801e+000  3,17183e-001 -2,18792e-017  1,58123e-017 -2,01224e-001  2,78822e-001  1,12944e+000
-2,80451e+002  0,00000e+000  0,00000e+000  1,03591e+000  3,26696e-001 -1,49526e-017  1,58157e-017 -2,00619e-001  2,87398e-001  1,14135e+000
-2,78947e+002  0,00000e+000  0,00000e+000  1,04428e+000  3,36481e-001 -1,75494e-017 -1,02220e-017 -2,00024e-001  2,96241e-001  1,15391e+000
-2,77444e+002  0,00000e+000  0,00000e+000  1,05315e+000  3,46550e-001 -3,15159e-017 -3,81946e-017 -1,99443e-001  3,05370e-001  1,16715e+000
-2,75940e+002  0,00000e+000  0,00000e+000  1,06254e+000  3,56914e-001 -2,54405e-017 -1,04390e-017 -1,98881e-001  3,14807e-001  1,18112e+000
-2,74436e+002  0,00000e+000  0,00000e+000  1,07249e+000  3,67588e-001 -2,11667e-017 -1,04221e-017 -1,98343e-001  3,24576e-001  1,19585e+000
-2,72932e+002  0,00000e+000  0,00000e+000  1,08304e+000  3,78586e-001 -1,43887e-017 -3,36239e-017 -1,97835e-001  3,34702e-001  1,21139e+000
-2,71429e+002  0,00000e+000  0,00000e+000  1,09423e+000  3,89923e-001 -1,87521e-017 -1,02324e-017 -1,97362e-001  3,45213e-001  1,22780e+000
-2,69925e+002  0,00000e+000  0,00000e+000  1,10609e+000  4,01616e-001 -3,09803e-017 -2,75830e-017 -1,96930e-001  3,56140e-001  1,24513e+000
-2,68421e+002  0,00000e+000  0,00000e+000  1,11867e+000  4,13682e-001 -2,75897e-017 -9,36500e-018 -1,96547e-001  3,67517e-001  1,26343e+000
-2,66917e+002  0,00000e+000  0,00000e+000  1,13201e+000  4,26140e-001 -1,63442e-017 -9,36521e-018 -1,96220e-001  3,79381e-001  1,28276e+000
-2,65414e+002  0,00000e+000  0,00000e+000  1,14618e+000  4,39011e-001 -2,85963e-017 -1,04492e-017 -1,95955e-001  3,91771e-001  1,30321e+000
-2,63910e+002  0,00000e+000  0,00000e+000  1,16123e+000  4,52316e-001 -1,39365e-017  1,40536e-017 -1,95762e-001  4,04732e-001  1,32483e+000
-2,62406e+002  0,00000e+000  0,00000e+000  1,17722e+000  4,66080e-001 -2,70966e-017 -1,38918e-017 -1,95649e-001  4,18313e-001  1,34772e+000
-2,60902e+002  0,00000e+000  0,00000e+000  1,19422e+000  4,80328e-001 -2,72211e-017 -2,77695e-017 -1,95626e-001  4,32568e-001  1,37195e+000
-2,59398e+002  0,00000e+000  0,00000e+000  1,21230e+000  4,95087e-001 -2,81902e-017 -1,38918e-017 -1,95703e-001  4,47554e-001  1,39764e+000
-2,57895e+002  0,00000e+000  0,00000e+000  1,23155e+000  5,10388e-001 -1,19273e-017 -2,75491e-017 -1,95891e-001  4,63336e-001  1,42488e+000
-2,56391e+002  0,00000e+000  0,00000e+000  1,25206e+000  5,26262e-001 -2,76544e-017 -2,75800e-017 -1,96203e-001  4,79988e-001  1,45378e+000
-2,54887e+002  0,00000e+000  0,00000e+000  1,27392e+000  5,42744e-001 -3,04238e-017 -2,75768e-017 -1,96650e-001  4,97586e-001  1,48449e+000
-2,53383e+002  0,00000e+000  0,00000e+000  1,29725e+000  5,59874e-001 -5,83264e-017 -1,37016e-017 -1,97249e-001  5,16220e-001  1,51713e+000
-2,51880e+002  0,00000e+000  0,00000e+000  1,32215e+000  5,77691e-001 -3,16837e-017 -2,41074e-017 -1,98013e-001  5,35987e-001  1,55187e+000
-2,50376e+002  0,00000e+000  0,00000e+000  1,34878e+000  5,96241e-001 -3,17972e-017  2,79343e-017 -1,98959e-001  5,56993e-001  1,58888e+000
-2,48872e+002  0,00000e+000  0,00000e+000 -9,60648e-002 -6,52326e-002  2,22798e-017 -1,71134e-017  4,78271e-002  1,26035e-001  1,77921e-001
-2,47368e+002  0,00000e+000  0,00000e+000 -9,87641e-002 -6,38173e-002  1,01773e-017 -2,05829e-017  5,05548e-002  1,25152e-001  1,79014e-001
-2,45865e+002  0,00000e+000  0,00000e+000 -1,01473e-001 -6,23276e-002  2,05992e-017 -1,71100e-017  5,32615e-002  1,24203e-001  1,80124e-001
-2,44361e+002  0,00000e+000  0,00000e+000 -1,04190e-001 -6,07621e-002  6,65365e-018 -6,70170e-018  5,59452e-002  1,23187e-001  1,81253e-001
-2,42857e+002  0,00000e+000  0,00000e+000 -1,06915e-001 -5,91195e-002  2,22797e-017 -1,68932e-017  5,86042e-002  1,22105e-001  1,82401e-001
-2,41353e+002  0,00000e+000  0,00000e+000 -1,09645e-001 -5,73984e-002  8,44259e-018 -3,09908e-017  6,12363e-002  1,20957e-001  1,83568e-001
-2,39850e+002  0,00000e+000  0,00000e+000 -1,12382e-001 -5,55974e-002  8,40193e-018 -2,40523e-017  6,38396e-002  1,19743e-001  1,84756e-001
-2,38346e+002  0,00000e+000  0,00000e+000 -1,15122e-001 -5,37152e-002  8,38827e-018 -1,36440e-017  6,64121e-002  1,18464e-001  1,85964e-001
-2,36842e+002  0,00000e+000  0,00000e+000 -1,17866e-001 -5,17503e-002  8,40172e-018 -1,38608e-017  6,89517e-002  1,17119e-001  1,87194e-001
-2,35338e+002  0,00000e+000  0,00000e+000 -1,20611e-001 -4,97012e-002  2,05990e-017 -2,40489e-017  7,14564e-002  1,15710e-001  1,88447e-001
-2,33835e+002  0,00000e+000  0,00000e+000 -1,23357e-001 -4,75664e-002  1,01364e-017 -1,71100e-017  7,39241e-002  1,14237e-001  1,89722e-001
-2,32331e+002  0,00000e+000  0,00000e+000 -1,26103e-001 -4,53445e-002  6,66699e-018 -2,05795e-017  7,63526e-002  1,12701e-001  1,91022e-001
-2,30827e+002  0,00000e+000  0,00000e+000 -1,28847e-001 -4,30338e-002  8,45582e-018 -3,09878e-017  7,87399e-002  1,11101e-001  1,92346e-001
-2,29323e+002  0,00000e+000  0,00000e+000 -1,31587e-001 -4,06329e-002  6,65334e-018 -2,75184e-017  8,10837e-002  1,09439e-001  1,93695e-001
-2,27820e+002  0,00000e+000  0,00000e+000 -1,34324e-001 -3,81401e-002  2,05310e-017 -2,75184e-017  8,33819e-002  1,07715e-001  1,95071e-001
-2,26316e+002  0,00000e+000  0,00000e+000 -1,37054e-001 -3,55537e-002  6,66678e-018 -2,40489e-017  8,56323e-002  1,05931e-001  1,96475e-001
-2,24812e+002  0,00000e+000  0,00000e+000 -1,39778e-001 -3,28722e-002  8,45572e-018 -2,40489e-017  8,78326e-002  1,04086e-001  1,97906e-001
-2,23308e+002  0,00000e+000  0,00000e+000 -1,42493e-001 -3,00939e-002  6,72099e-018 -2,05795e-017  8,99805e-002  1,02182e-001  1,99368e-001
-2,21805e+002  0,00000e+000  0,00000e+000 -1,45197e-001 -2,72168e-002  4,93185e-018 -2,75150e-017  9,20738e-002  1,00219e-001  2,00860e-001
-2,20301e+002  0,00000e+000  0,00000e+000 -1,47891e-001 -2,42394e-002 -5,47649e-018 -2,05761e-017  9,41100e-002  9,81992e-002  2,02383e-001
-2,18797e+002  0,00000e+000  0,00000e+000 -1,50570e-001 -2,11598e-002 -7,21122e-018 -2,75150e-017  9,60869e-002  9,61226e-002  2,03940e-001
-2,17293e+002  0,00000e+000  0,00000e+000 -1,53235e-001 -1,79760e-002  1,88096e-017 -2,05761e-017  9,80019e-002  9,39906e-002  2,05531e-001
-2,15789e+002  0,00000e+000  0,00000e+000 -1,55884e-001 -1,46863e-002  2,05441e-017 -2,42624e-017  9,98527e-002  9,18043e-002  2,07157e-001
-2,14286e+002  0,00000e+000  0,00000e+000 -1,58514e-001 -1,12885e-002  2,05439e-017 -2,05727e-017  1,01637e-001  8,95649e-002  2,08821e-001
-2,12782e+002  0,00000e+000  0,00000e+000 -1,61125e-001 -7,78074e-003  2,05439e-017 -2,72947e-017  1,03351e-001  8,72736e-002  2,10523e-001
-2,11278e+002  0,00000e+000  0,00000e+000 -1,63713e-001 -4,16091e-003  2,05439e-017 -2,75116e-017  1,04994e-001  8,49318e-002  2,12265e-001
-2,09774e+002  0,00000e+000  0,00000e+000 -1,66278e-001 -4,26876e-004 -8,94637e-018 -2,75116e-017  1,06563e-001  8,25408e-002  2,14049e-001
-2,08271e+002  0,00000e+000  0,00000e+000 -1,68817e-001  3,42357e-003 -8,96013e-018 -3,09810e-017  1,08054e-001  8,01022e-002  2,15877e-001
-2,06767e+002  0,00000e+000  0,00000e+000 -1,71328e-001  7,39267e-003  2,04760e-017 -2,75082e-017  1,09465e-001  7,76174e-002  2,17750e-001
-2,05263e+002  0,00000e+000  0,00000e+000 -1,73810e-001  1,14828e-002  2,05300e-017 -2,75082e-017  1,10794e-001  7,50880e-002  2,19671e-001
-2,03759e+002  0,00000e+000  0,00000e+000 -1,76260e-001  1,56963e-002 -8,94679e-018 -3,44505e-017  1,12038e-001  7,25158e-002  2,21641e-001
-2,02256e+002  0,00000e+000  0,00000e+000 -1,78676e-001  2,00356e-002  1,87541e-017 -2,75048e-017  1,13192e-001  6,99026e-002  2,23663e-001
-2,00752e+002  0,00000e+000  0,00000e+000 -1,81055e-001  2,45035e-002 -9,00143e-018 -2,75116e-017  1,14256e-001  6,72501e-002  2,25740e-001
-1,99248e+002  0,00000e+000  0,00000e+000 -1,83396e-001  2,91024e-002 -9,00100e-018 -2,75082e-017  1,15225e-001  6,45604e-002  2,27872e-001
-1,97744e+002  0,00000e+000  0,00000e+000 -1,85695e-001  3,38351e-002 -7,26670e-018 -2,75048e-017  1,16097e-001  6,18354e-002  2,30064e-001
-1,96241e+002  0,00000e+000  0,00000e+000 -1,87951e-001  3,87045e-002 -1,24713e-017 -2,75048e-017  1,16868e-001  5,90774e-002  2,32318e-001
-1,94737e+002  0,00000e+000  0,00000e+000 -1,90160e-001  4,37135e-002  1,52843e-017 -3,44403e-017  1,17536e-001  5,62886e-002  2,34637e-001
-1,93233e+002  0,00000e+000  0,00000e+000 -1,92320e-001  4,88651e-002 -9,00185e-018 -2,75048e-017  1,18096e-001  5,34713e-002  2,37024e-001
-1,91729e+002  0,00000e+000  0,00000e+000 -1,94428e-001  5,41626e-002 -7,26713e-018 -3,44437e-017  1,18545e-001  5,06280e-002  2,39483e-001
-1,90226e+002  0,00000e+000  0,00000e+000 -1,96481e-001  5,96092e-002 -1,24988e-017 -2,75014e-017  1,18881e-001  4,77613e-002  2,42016e-001
-1,88722e+002  0,00000e+000  0,00000e+000 -1,98476e-001  6,52084e-002 -1,08454e-017 -3,44403e-017  1,19098e-001  4,48739e-002  2,44628e-001
-1,87218e+002  0,00000e+000  0,00000e+000 -2,00410e-001  7,09636e-002 -1,08454e-017 -2,75014e-017  1,19194e-001  4,19687e-002  2,47323e-001
-1,85714e+002  0,00000e+000  0,00000e+000 -2,02279e-001  7,68786e-002 -1,08458e-017 -4,11623e-017  1,19164e-001  3,90485e-002  2,50104e-001
-1,84211e+002  0,00000e+000  0,00000e+000 -2,04080e-001  8,29572e-002 -7,37598e-018 -2,07759e-017  1,19005e-001  3,61166e-002  2,52977e-001
-1,82707e+002  0,00000e+000  0,00000e+000 -2,05810e-001  8,92035e-002 -7,37683e-018 -3,46537e-017  1,18712e-001  3,31762e-002  2,55945e-001
-1,81203e+002  0,00000e+000  0,00000e+000 -2,07464e-001  9,56217e-002 -1,08463e-017 -3,46503e-017  1,18281e-001  3,02308e-002  2,59015e-001
-1,79699e+002  0,00000e+000  0,00000e+000 -2,09038e-001  1,02216e-001 -9,11240e-018 -2,72743e-017  1,17707e-001  2,72839e-002  2,62192e-001
-1,78195e+002  0,00000e+000  0,00000e+000 -2,10529e-001  1,08991e-001 -7,37768e-018 -3,42132e-017  1,16986e-001  2,43394e-002  2,65481e-001
-1,76692e+002  0,00000e+000  0,00000e+000 -2,11933e-001  1,15952e-001 -1,26911e-017 -2,72743e-017  1,16114e-001  2,14013e-002  2,68888e-001
-1,75188e+002  0,00000e+000  0,00000e+000 -2,13243e-001  1,23104e-001 -9,22167e-018 -3,42098e-017  1,15084e-001  1,84738e-002  2,72420e-001
-1,73684e+002  0,00000e+000  0,00000e+000 -2,14457e-001  1,30452e-001 -1,09564e-017 -3,42132e-017  1,13892e-001  1,55613e-002  2,76085e-001
-1,72180e+002  0,00000e+000  0,00000e+000 -2,15568e-001  1,38000e-001 -7,48695e-018 -2,77012e-017  1,12533e-001  1,26684e-002  2,79889e-001
-1,70677e+002  0,00000e+000  0,00000e+000 -2,16571e-001  1,45757e-001 -1,26920e-017 -2,72675e-017  1,11000e-001  9,80013e-003  2,83840e-001
-1,69173e+002  0,00000e+000  0,00000e+000 -2,17462e-001  1,53726e-001 -7,48864e-018 -2,77012e-017  1,09287e-001  6,96162e-003  2,87947e-001
-1,67669e+002  0,00000e+000  0,00000e+000 -2,18234e-001  1,61915e-001 -9,33180e-018 -2,72641e-017  1,07389e-001  4,15835e-003  2,92219e-001
-1,66165e+002  0,00000e+000  0,00000e+000 -2,18880e-001  1,70331e-001 -9,33265e-018 -4,11385e-017  1,05298e-001  1,39611e-003  2,96666e-001
-1,64662e+002  0,00000e+000  0,00000e+000 -2,19396e-001  1,78980e-001 -1,10691e-017 -2,07555e-017  1,03008e-001 -1,31899e-003  3,01298e-001
-1,63158e+002  0,00000e+000  0,00000e+000 -2,19772e-001  1,87870e-001 -3,88229e-017 -2,76876e-017  1,00512e-001 -3,98048e-003  3,06127e-001
-1,61654e+002  0,00000e+000  0,00000e+000 -2,20004e-001  1,97009e-001 -1,10674e-017 -4,15654e-017  9,78016e-002 -6,58148e-003  3,11163e-001
-1,60150e+002  0,00000e+000  0,00000e+000 -2,20082e-001  2,06405e-001 -7,81647e-018 -2,07487e-017  9,48688e-002 -9,11474e-003  3,16421e-001
-1,58647e+002  0,00000e+000  0,00000e+000 -2,19998e-001  2,16066e-001 -3,88263e-017 -4,15586e-017  9,17052e-002 -1,15725e-002  3,21912e-001
-1,57143e+002  0,00000e+000  0,00000e+000 -2,19745e-001  2,26003e-001 -1,45402e-017 -2,76807e-017  8,83018e-002 -1,39466e-002  3,27654e-001
-1,55639e+002  0,00000e+000  0,00000e+000 -2,19313e-001  2,36224e-001 -7,81818e-018 -3,46129e-017  8,46491e-002 -1,62283e-002  3,33660e-001
-1,54135e+002  0,00000e+000  0,00000e+000 -2,18691e-001  2,46741e-001 -3,57923e-017 -2,07418e-017  8,07368e-002 -1,84084e-002  3,39948e-001
-1,52632e+002  0,00000e+000  0,00000e+000 -2,17871e-001  2,57564e-001 -2,19145e-017 -2,76672e-017  7,65544e-002 -2,04768e-002  3,46535e-001
-1,51128e+002  0,00000e+000  0,00000e+000 -2,16840e-001  2,68705e-001 -1,15079e-017 -4,06775e-017  7,20904e-002 -2,24231e-002  3,53443e-001
-1,49624e+002  0,00000e+000  0,00000e+000 -2,15588e-001  2,80175e-001 -3,92651e-017 -1,98541e-017  6,73326e-002 -2,42360e-002  3,60690e-001
-1,48120e+002  0,00000e+000  0,00000e+000 -2,14101e-001  2,91989e-001 -1,84485e-017 -4,15381e-017  6,22683e-002 -2,59034e-002  3,68300e-001
-1,46617e+002  0,00000e+000  0,00000e+000 -2,12366e-001  3,04160e-001 -1,51993e-017 -2,07078e-017  5,68836e-002 -2,74125e-002  3,76297e-001
-1,45113e+002  0,00000e+000  0,00000e+000 -2,10368e-001  3,16703e-001 -4,98937e-017 -4,15245e-017  5,11639e-002 -2,87494e-002  3,84707e-001
-1,43609e+002  0,00000e+000  0,00000e+000 -2,08093e-001  3,29633e-001 -8,26040e-018 -2,76602e-017  4,50935e-002 -2,98993e-002  3,93559e-001
-1,42105e+002  0,00000e+000  0,00000e+000 -2,05524e-001  3,42968e-001 -4,29583e-017 -1,37688e-017  3,86557e-002 -3,08463e-002  4,02881e-001
-1,40602e+002  0,00000e+000  0,00000e+000 -2,02643e-001  3,56725e-001 -1,56364e-017 -2,06942e-017  3,18326e-002 -3,15732e-002  4,12707e-001
-1,39098e+002  0,00000e+000  0,00000e+000 -1,99431e-001  3,70923e-001 -2,21416e-017 -5,45213e-017  2,46049e-002 -3,20617e-002  4,23073e-001
-1,37594e+002  0,00000e+000  0,00000e+000 -1,95868e-001  3,85583e-001 -1,17367e-017 -1,98132e-017  1,69519e-002 -3,22919e-002  4,34015e-001
-1,36090e+002  0,00000e+000  0,00000e+000 -1,91931e-001  4,00727e-001 -4,68682e-017 -1,28742e-017  8,85165e-003 -3,22423e-002  4,45576e-001
-1,34586e+002  0,00000e+000  0,00000e+000 -1,87597e-001  4,16377e-001 -3,64633e-017 -2,06803e-017  2,80169e-004 -3,18899e-002  4,57799e-001
-1,33083e+002  0,00000e+000  0,00000e+000 -1,82839e-001  4,32560e-001 -4,34022e-017 -1,89185e-017 -8,78817e-003 -3,12095e-002  4,70733e-001
-1,31579e+002  0,00000e+000  0,00000e+000 -1,77630e-001  4,49301e-001 -4,34090e-017 -2,06532e-017 -1,83810e-002 -3,01742e-002  4,84429e-001
-1,30075e+002  0,00000e+000  0,00000e+000 -1,71940e-001  4,66629e-001 -2,30260e-017 -2,75919e-017 -2,85282e-002 -2,87545e-002  4,98945e-001
-1,28571e+002  0,00000e+000  0,00000e+000 -1,65735e-001  4,84576e-001 -1,56603e-017 -2,06530e-017 -3,92621e-002 -2,69184e-002  5,14342e-001
-1,27068e+002  0,00000e+000  0,00000e+000 -1,58980e-001  5,03174e-001 -4,38496e-017 -2,06259e-017 -5,06174e-002 -2,46314e-002  5,30686e-001
-1,25564e+002  0,00000e+000  0,00000e+000 -1,51637e-001  5,22459e-001 -4,42901e-017 -1,36870e-017 -6,26320e-002 -2,18557e-002  5,48049e-001
-1,24060e+002  0,00000e+000  0,00000e+000 -1,43662e-001  5,42471e-001 -2,30465e-017 -1,19249e-017 -7,53468e-002 -1,85500e-002  5,66511e-001
-1,22556e+002  0,00000e+000  0,00000e+000 -1,35011e-001  5,63250e-001 -5,12359e-017 -1,19521e-017 -8,88063e-002 -1,46696e-002  5,86157e-001
-1,21053e+002  0,00000e+000  0,00000e+000 -1,25631e-001  5,84841e-001 -5,21100e-017 -1,88634e-017 -1,03059e-001 -1,01653e-002  6,07080e-001
-1,19549e+002  0,00000e+000  0,00000e+000 -1,15469e-001  6,07293e-001 -1,74156e-017 -4,14148e-017 -1,18157e-001 -4,98333e-003  6,29384e-001
-1,18045e+002  0,00000e+000  0,00000e+000 -1,04464e-001  6,30659e-001 -5,21238e-017 -1,36050e-017 -1,34158e-001  9,35041e-004  6,53179e-001
-1,16541e+002  0,00000e+000  0,00000e+000 -9,25495e-002  6,54996e-001 -5,21373e-017 -3,96259e-017 -1,51124e-001  7,65447e-003  6,78589e-001
-1,15038e+002  0,00000e+000  0,00000e+000 -7,96526e-002  6,80366e-001 -5,21375e-017 -4,82987e-017 -1,69124e-001  1,52460e-002  7,05746e-001
-1,13534e+002  0,00000e+000  0,00000e+000 -6,56932e-002  7,06836e-001 -5,21510e-017 -2,05431e-017 -1,88232e-001  2,37877e-002  7,34799e-001
-1,12030e+002  0,00000e+000  0,00000e+000 -5,05829e-002  7,34479e-001 -5,30185e-017 -2,04889e-017 -2,08529e-001  3,33657e-002  7,65909e-001
-1,10526e+002  0,00000e+000  0,00000e+000 -3,42240e-002  7,63376e-001 -5,21785e-017 -3,43667e-017 -2,30107e-001  4,40753e-002  7,99253e-001
-1,09023e+002  0,00000e+000  0,00000e+000 -1,65085e-002  7,93613e-001 -4,69743e-017 -2,04880e-017 -2,53062e-001  5,60214e-002  8,35029e-001
-1,07519e+002  0,00000e+000  0,00000e+000  2,68317e-003  8,25286e-001 -4,69748e-017 -1,34407e-017 -2,77503e-001  6,93207e-002  8,73451e-001
-1,06015e+002  0,00000e+000  0,00000e+000  2,34840e-002  8,58499e-001 -6,26146e-017 -1,34407e-017 -3,03550e-001  8,41023e-002  9,14761e-001
-1,04511e+002  0,00000e+000  0,00000e+000  4,60416e-002  8,93366e-001 -6,09072e-017 -4,11946e-017 -3,31333e-001  1,00510e-001  9,59222e-001
-1,03008e+002  0,00000e+000  0,00000e+000  7,05207e-002  9,30014e-001 -8,86632e-017 -4,11946e-017 -3,60998e-001  1,18703e-001  1,00713e+000
-1,01504e+002  0,00000e+000  0,00000e+000  9,71048e-002  9,68580e-001 -6,26699e-017 -1,33306e-017 -3,92705e-001  1,38860e-001  1,05881e+000
-1,00000e+002  0,00000e+000  0,00000e+000  0,00000e+000  0,00000e+000  0,00000e+000  0,00000e+000  0,00000e+000  0,00000e+000  0,00000e+000
-9,84962e+001  0,00000e+000  0,00000e+000  0,00000e+000  0,00000e+000  0,00000e+000  0,00000e+000  0,00000e+000  0,00000e+000  0,00000e+000
-9,69925e+001  0,00000e+000  0,00000e+000  0,00000e+000  0,00000e+000  0,00000e+000  0,00000e+000  0,00000e+000  0,00000e+000  0,00000e+000
-9,54887e+001  0,00000e+000  0,00000e+000  0,00000e+000  0,00000e+000  0,00000e+000  0,00000e+000  0,00000e+000  0,00000e+000  0,00000e+000
-9,39850e+001  0,00000e+000  0,00000e+000  0,00000e+000  0,00000e+000  0,00000e+000  0,00000e+000  0,00000e+000  0,00000e+000  0,00000e+000
-9,24812e+001  0,00000e+000  0,00000e+000  0,00000e+000  0,00000e+000  0,00000e+000  0,00000e+000  0,00000e+000  0,00000e+000  0,00000e+000
-9,09774e+001  0,00000e+000  0,00000e+000  0,00000e+000  0,00000e+000  0,00000e+000  0,00000e+000  0,00000e+000  0,00000e+000  0,00000e+000
-8,94737e+001  0,00000e+000  0,00000e+000  0,00000e+000  0,00000e+000  0,00000e+000  0,00000e+000  0,00000e+000  0,00000e+000  0,00000e+000
-8,79699e+001  0,00000e+000  0,00000e+000  0,00000e+000  0,00000e+000  0,00000e+000  0,00000e+000  0,00000e+000  0,00000e+000  0,00000e+000
-8,64662e+001  0,00000e+000  0,00000e+000  0,00000e+000  0,00000e+000  0,00000e+000  0,00000e+000  0,00000e+000  0,00000e+000  0,00000e+000
-8,49624e+001  0,00000e+000  0,00000e+000  0,00000e+000  0,00000e+000  0,00000e+000  0,00000e+000  0,00000e+000  0,00000e+000  0,00000e+000
-8,34586e+001  0,00000e+000  0,00000e+000  0,00000e+000  0,00000e+000  0,00000e+000  0,00000e+000  0,00000e+000  0,00000e+000  0,00000e+000
-8,19549e+001  0,00000e+000  0,00000e+000  0,00000e+000  0,00000e+000  0,00000e+000  0,00000e+000  0,00000e+000  0,00000e+000  0,00000e+000
-8,04511e+001  0,00000e+000  0,00000e+000  0,00000e+000  0,00000e+000  0,00000e+000  0,00000e+000  0,00000e+000  0,00000e+000  0,00000e+000
-7,89474e+001  0,00000e+000  0,00000e+000  0,00000e+000  0,00000e+000  0,00000e+000  0,00000e+000  0,00000e+000  0,00000e+000  0,00000e+000
-7,74436e+001  0,00000e+000  0,00000e+000  0,00000e+000  0,00000e+000  0,00000e+000  0,00000e+000  0,00000e+000  0,00000e+000  0,00000e+000
-7,59398e+001  0,00000e+000  0,00000e+000  0,00000e+000  0,00000e+000  0,00000e+000  0,00000e+000  0,00000e+000  0,00000e+000  0,00000e+000
-7,44361e+001  0,00000e+000  0,00000e+000  0,00000e+000  0,00000e+000  0,00000e+000  0,00000e+000  0,00000e+000  0,00000e+000  0,00000e+000
-7,29323e+001  0,00000e+000  0,00000e+000  0,00000e+000  0,00000e+000  0,00000e+000  0,00000e+000  0,00000e+000  0,00000e+000  0,00000e+000
-7,14286e+001  0,00000e+000  0,00000e+000  0,00000e+000  0,00000e+000  0,00000e+000  0,00000e+000  0,00000e+000  0,00000e+000  0,00000e+000
-6,99248e+001  0,00000e+000  0,00000e+000  0,00000e+000  0,00000e+000  0,00000e+000  0,00000e+000  0,00000e+000  0,00000e+000  0,00000e+000
-6,84211e+001  0,00000e+000  0,00000e+000  0,00000e+000  0,00000e+000  0,00000e+000  0,00000e+000  0,00000e+000  0,00000e+000  0,00000e+000
-6,69173e+001  0,00000e+000  0,00000e+000  0,00000e+000  0,00000e+000  0,00000e+000  0,00000e+000  0,00000e+000  0,00000e+000  0,00000e+000
-6,54135e+001  0,00000e+000  0,00000e+000  0,00000e+000  0,00000e+000  0,00000e+000  0,00000e+000  0,00000e+000  0,00000e+000  0,00000e+000
-6,39098e+001  0,00000e+000  0,00000e+000  0,00000e+000  0,00000e+000  0,00000e+000  0,00000e+000  0,00000e+000  0,00000e+000  0,00000e+000
-6,24060e+001  0,00000e+000  0,00000e+000  0,00000e+000  0,00000e+000  0,00000e+000  0,00000e+000  0,00000e+000  0,00000e+000  0,00000e+000
-6,09023e+001  0,00000e+000  0,00000e+000  0,00000e+000  0,00000e+000  0,00000e+000  0,00000e+000  0,00000e+000  0,00000e+000  0,00000e+000
-5,93985e+001  0,00000e+000  0,00000e+000  0,00000e+000  0,00000e+000  0,00000e+000  0,00000e+000  0,00000e+000  0,00000e+000  0,00000e+000
-5,78947e+001  0,00000e+000  0,00000e+000  0,00000e+000  0,00000e+000  0,00000e+000  0,00000e+000  0,00000e+000  0,00000e+000  0,00000e+000
-5,63910e+001  0,00000e+000  0,00000e+000  0,00000e+000  0,00000e+000  0,00000e+000  0,00000e+000  0,00000e+000  0,00000e+000  0,00000e+000
-5,48872e+001  0,00000e+000  0,00000e+000  0,00000e+000  0,00000e+000  0,00000e+000  0,00000e+000  0,00000e+000  0,00000e+000  0,00000e+000
-5,33835e+001  0,00000e+000  0,00000e+000  0,00000e+000  0,00000e+000  0,00000e+000  0,00000e+000  0,00000e+000  0,00000e+000  0,00000e+000
-5,18797e+001  0,00000e+000  0,00000e+000  0,00000e+000  0,00000e+000  0,00000e+000  0,00000e+000  0,00000e+000  0,00000e+000  0,00000e+000
-5,03759e+001  0,00000e+000  0,00000e+000  0,00000e+000  0,00000e+000  0,00000e+000  0,00000e+000  0,00000e+000  0,00000e+000  0,00000e+000
-4,88722e+001  0,00000e+000  0,00000e+000  0,00000e+000  0,00000e+000  0,00000e+000  0,00000e+000  0,00000e+000  0,00000e+000  0,00000e+000
-4,73684e+001  0,00000e+000  0,00000e+000  0,00000e+000  0,00000e+000  0,00000e+000  0,00000e+000  0,00000e+000  0,00000e+000  0,00000e+000
-4,58647e+001  0,00000e+000  0,00000e+000  0,00000e+000  0,00000e+000  0,00000e+000  0,00000e+000  0,00000e+000  0,00000e+000  0,00000e+000
-4,43609e+001  0,00000e+000  0,00000e+000  0,00000e+000  0,00000e+000  0,00000e+000  0,00000e+000  0,00000e+000  0,00000e+000  0,00000e+000
-4,28571e+001  0,00000e+000  0,00000e+000  0,00000e+000  0,00000e+000  0,00000e+000  0,00000e+000  0,00000e+000  0,00000e+000  0,00000e+000
-4,13534e+001  0,00000e+000  0,00000e+000  0,00000e+000  0,00000e+000  0,00000e+000  0,00000e+000  0,00000e+000  0,00000e+000  0,00000e+000
-3,98496e+001  0,00000e+000  0,00000e+000  0,00000e+000  0,00000e+000  0,00000e+000  0,00000e+000  0,00000e+000  0,00000e+000  0,00000e+000
-3,83459e+001  0,00000e+000  0,00000e+000  0,00000e+000  0,00000e+000  0,00000e+000  0,00000e+000  0,00000e+000  0,00000e+000  0,00000e+000
-3,68421e+001  0,00000e+000  0,00000e+000  0,00000e+000  0,00000e+000  0,00000e+000  0,00000e+000  0,00000e+000  0,00000e+000  0,00000e+000
-3,53383e+001  0,00000e+000  0,00000e+000  0,00000e+000  0,00000e+000  0,00000e+000  0,00000e+000  0,00000e+000  0,00000e+000  0,00000e+000
-3,38346e+001  0,00000e+000  0,00000e+000  0,00000e+000  0,00000e+000  0,00000e+000  0,00000e+000  0,00000e+000  0,00000e+000  0,00000e+000
-3,23308e+001  0,00000e+000  0,00000e+000  0,00000e+000  0,00000e+000  0,00000e+000  0,00000e+000  0,00000e+000  0,00000e+000  0,00000e+000
-3,08271e+001  0,00000e+000  0,00000e+000  0,00000e+000  0,00000e+000  0,00000e+000  0,00000e+000  0,00000e+000  0,00000e+000  0,00000e+000
-2,93233e+001  0,00000e+000  0,00000e+000  0,00000e+000  0,00000e+000  0,00000e+000  0,00000e+000  0,00000e+000  0,00000e+000  0,00000e+000
-2,78195e+001  0,00000e+000  0,00000e+000  0,00000e+000  0,00000e+000  0,00000e+000  0,00000e+000  0,00000e+000  0,00000e+000  0,00000e+000
-2,63158e+001  0,00000e+000  0,00000e+000  0,00000e+000  0,00000e+000  0,00000e+000  0,00000e+000  0,00000e+000  0,00000e+000  0,00000e+000
-2,48120e+001  0,00000e+000  0,00000e+000  0,00000e+000  0,00000e+000  0,00000e+000  0,00000e+000  0,00000e+000  0,00000e+000  0,00000e+000
-2,33083e+001  0,00000e+000  0,00000e+000  0,00000e+000  0,00000e+000  0,00000e+000  0,00000e+000  0,00000e+000  0,00000e+000  0,00000e+000
-2,18045e+001  0,00000e+000  0,00000e+000  0,00000e+000  0,00000e+000  0,00000e+000  0,00000e+000  0,00000e+000  0,00000e+000  0,00000e+000
-2,03008e+001  0,00000e+000  0,00000e+000  0,00000e+000  0,00000e+000  0,00000e+000  0,00000e+000  0,00000e+000  0,00000e+000  0,00000e+000
-1,87970e+001  0,00000e+000  0,00000e+000  0,00000e+000  0,00000e+000  0,00000e+000  0,00000e+000  0,00000e+000  0,00000e+000  0,00000e+000
-1,72932e+001  0,00000e+000  0,00000e+000  0,00000e+000  0,00000e+000  0,00000e+000  0,00000e+000  0,00000e+000  0,00000e+000  0,00000e+000
-1,57895e+001  0,00000e+000  0,00000e+000  0,00000e+000  0,00000e+000  0,00000e+000  0,00000e+000  0,00000e+000  0,00000e+000  0,00000e+000
-1,42857e+001  0,00000e+000  0,00000e+000  0,00000e+000  0,00000e+000  0,00000e+000  0,00000e+000  0,00000e+000  0,00000e+000  0,00000e+000
-1,27820e+001  0,00000e+000  0,00000e+000  0,00000e+000  0,00000e+000  0,00000e+000  0,00000e+000  0,00000e+000  0,00000e+000  0,00000e+000
-1,12782e+001  0,00000e+000  0,00000e+000  0,00000e+000  0,00000e+000  0,00000e+000  0,00000e+000  0,00000e+000  0,00000e+000  0,00000e+000
-9,77444e+000  0,00000e+000  0,00000e+000  0,00000e+000  0,00000e+000  0,00000e+000  0,00000e+000  0,00000e+000  0,00000e+000  0,00000e+000
-8,27068e+000  0,00000e+000  0,00000e+000  0,00000e+000  0,00000e+000  0,00000e+000  0,00000e+000  0,00000e+000  0,00000e+000  0,00000e+000
-6,76692e+000  0,00000e+000  0,00000e+000  0,00000e+000  0,00000e+000  0,00000e+000  0,00000e+000  0,00000e+000  0,00000e+000  0,00000e+000
-5,26316e+000  0,00000e+000  0,00000e+000  0,00000e+000  0,00000e+000  0,00000e+000  0,00000e+000  0,00000e+000  0,00000e+000  0,00000e+000
-3,75940e+000  0,00000e+000  0,00000e+000  0,00000e+000  0,00000e+000  0,00000e+000  0,00000e+000  0,00000e+000  0,00000e+000  0,00000e+000
-2,25564e+000  0,00000e+000  0,00000e+000  0,00000e+000  0,00000e+000  0,00000e+000  0,00000e+000  0,00000e+000  0,00000e+000  0,00000e+000
-7,51880e-001  0,00000e+000  0,00000e+000  0,00000e+000  0,00000e+000  0,00000e+000  0,00000e+000  0,00000e+000  0,00000e+000  0,00000e+000
 7,51880e-001  0,00000e+000  0,00000e+000  0,00000e+000  0,00000e+000  0,00000e+000  0,00000e+000  0,00000e+000  0,00000e+000  0,00000e+000
 2,25564e+000  0,00000e+000  0,00000e+000  0,00000e+000  0,00000e+000  0,00000e+000  0,00000e+000  0,00000e+000  0,00000e+000  0,00000e+000
 3,75940e+000  0,00000e+000  0,00000e+000  0,00000e+000  0,00000e+000  0,00000e+000  0,00000e+000  0,00000e+000  0,00000e+000  0,00000e+000
 5,26316e+000  0,00000e+000  0,00000e+000  0,00000e+000  0,00000e+000  0,00000e+000  0,00000e+000  0,00000e+000  0,00000e+000  0,00000e+000
 6,76692e+000  0,00000e+000  0,00000e+000  0,00000e+000  0,00000e+000  0,00000e+000  0,00000e+000  0,00000e+000  0,00000e+000  0,00000e+000
 8,27068e+000  0,00000e+000  0,00000e+000  0,00000e+000  0,00000e+000  0,00000e+000  0,00000e+000  0,00000e+000  0,00000e+000  0,00000e+000
 9,77444e+000  0,00000e+000  0,00000e+000  0,00000e+000  0,00000e+000  0,00000e+000  0,00000e+000  0,00000e+000  0,00000e+000  0,00000e+000
 1,12782e+001  0,00000e+000  0,00000e+000  0,00000e+000  0,00000e+000  0,00000e+000  0,00000e+000  0,00000e+000  0,00000e+000  0,00000e+000
 1,27820e+001  0,00000e+000  0,00000e+000  0,00000e+000  0,00000e+000  0,00000e+000  0,00000e+000  0,00000e+000  0,00000e+000  0,00000e+000
 1,42857e+001  0,00000e+000  0,00000e+000  0,00000e+000  0,00000e+000  0,00000e+000  0,00000e+000  0,00000e+000  0,00000e+000  0,00000e+000
 1,57895e+001  0,00000e+000  0,00000e+000  0,00000e+000  0,00000e+000  0,00000e+000  0,00000e+000  0,00000e+000  0,00000e+000  0,00000e+000
 1,72932e+001  0,00000e+000  0,00000e+000  0,00000e+000  0,00000e+000  0,00000e+000  0,00000e+000  0,00000e+000  0,00000e+000  0,00000e+000
 1,87970e+001  0,00000e+000  0,00000e+000  0,00000e+000  0,00000e+000  0,00000e+000  0,00000e+000  0,00000e+000  0,00000e+000  0,00000e+000
 2,03008e+001  0,00000e+000  0,00000e+000  0,00000e+000  0,00000e+000  0,00000e+000  0,00000e+000  0,00000e+000  0,00000e+000  0,00000e+000
 2,18045e+001  0,00000e+000  0,00000e+000  0,00000e+000  0,00000e+000  0,00000e+000  0,00000e+000  0,00000e+000  0,00000e+000  0,00000e+000
 2,33083e+001  0,00000e+000  0,00000e+000  0,00000e+000  0,00000e+000  0,00000e+000  0,00000e+000  0,00000e+000  0,00000e+000  0,00000e+000
 2,48120e+001  0,00000e+000  0,00000e+000  0,00000e+000  0,00000e+000  0,00000e+000  0,00000e+000  0,00000e+000  0,00000e+000  0,00000e+000
 2,63158e+001  0,00000e+000  0,00000e+000  0,00000e+000  0,00000e+000  0,00000e+000  0,00000e+000  0,00000e+000  0,00000e+000  0,00000e+000
 2,78195e+001  0,00000e+000  0,00000e+000  0,00000e+000  0,00000e+000  0,00000e+000  0,00000e+000  0,00000e+000  0,00000e+000  0,00000e+000
 2,93233e+001  0,00000e+000  0,00000e+000  0,00000e+000  0,00000e+000  0,00000e+000  0,00000e+000  0,00000e+000  0,00000e+000  0,00000e+000
 3,08271e+001  0,00000e+000  0,00000e+000  0,00000e+000  0,00000e+000  0,00000e+000  0,00000e+000  0,00000e+000  0,00000e+000  0,00000e+000
 3,23308e+001  0,00000e+000  0,00000e+000  0,00000e+000  0,00000e+000  0,00000e+000  0,00000e+000  0,00000e+000  0,00000e+000  0,00000e+000
 3,38346e+001  0,00000e+000  0,00000e+000  0,00000e+000  0,00000e+000  0,00000e+000  0,00000e+000  0,00000e+000  0,00000e+000  0,00000e+000
 3,53383e+001  0,00000e+000  0,00000e+000  0,00000e+000  0,00000e+000  0,00000e+000  0,00000e+000  0,00000e+000  0,00000e+000  0,00000e+000
 3,68421e+001  0,00000e+000  0,00000e+000  0,00000e+000  0,00000e+000  0,00000e+000  0,00000e+000  0,00000e+000  0,00000e+000  0,00000e+000
 3,83459e+001  0,00000e+000  0,00000e+000  0,00000e+000  0,00000e+000  0,00000e+000  0,00000e+000  0,00000e+000  0,00000e+000  0,00000e+000
 3,98496e+001  0,00000e+000  0,00000e+000  0,00000e+000  0,00000e+000  0,00000e+000  0,00000e+000  0,00000e+000  0,00000e+000  0,00000e+000
 4,13534e+001  0,00000e+000  0,00000e+000  0,00000e+000  0,00000e+000  0,00000e+000  0,00000e+000  0,00000e+000  0,00000e+000  0,00000e+000
 4,28571e+001  0,00000e+000  0,00000e+000  0,00000e+000  0,00000e+000  0,00000e+000  0,00000e+000  0,00000e+000  0,00000e+000  0,00000e+000
 4,43609e+001  0,00000e+000  0,00000e+000  0,00000e+000  0,00000e+000  0,00000e+000  0,00000e+000  0,00000e+000  0,00000e+000  0,00000e+000
 4,58647e+001  0,00000e+000  0,00000e+000  0,00000e+000  0,00000e+000  0,00000e+000  0,00000e+000  0,00000e+000  0,00000e+000  0,00000e+000
 4,73684e+001  0,00000e+000  0,00000e+000  0,00000e+000  0,00000e+000  0,00000e+000  0,00000e+000  0,00000e+000  0,00000e+000  0,00000e+000
 4,88722e+001  0,00000e+000  0,00000e+000  0,00000e+000  0,00000e+000  0,00000e+000  0,00000e+000  0,00000e+000  0,00000e+000  0,00000e+000
 5,03759e+001  0,00000e+000  0,00000e+000  0,00000e+000  0,00000e+000  0,00000e+000  0,00000e+000  0,00000e+000  0,00000e+000  0,00000e+000
 5,18797e+001  0,00000e+000  0,00000e+000  0,00000e+000  0,00000e+000  0,00000e+000  0,00000e+000  0,00000e+000  0,00000e+000  0,00000e+000
 5,33835e+001  0,00000e+000  0,00000e+000  0,00000e+000  0,00000e+000  0,00000e+000  0,00000e+000  0,00000e+000  0,00000e+000  0,00000e+000
 5,48872e+001  0,00000e+000  0,00000e+000  0,00000e+000  0,00000e+000  0,00000e+000  0,00000e+000  0,00000e+000  0,00000e+000  0,00000e+000
 5,63910e+001  0,00000e+000  0,00000e+000  0,00000e+000  0,00000e+000  0,00000e+000  0,00000e+000  0,00000e+000  0,00000e+000  0,00000e+000
 5,78947e+001  0,00000e+000  0,00000e+000  0,00000e+000  0,00000e+000  0,00000e+000  0,00000e+000  0,00000e+000  0,00000e+000  0,00000e+000
 5,93985e+001  0,00000e+000  0,00000e+000  0,00000e+000  0,00000e+000  0,00000e+000  0,00000e+000  0,00000e+000  0,00000e+000  0,00000e+000
 6,09023e+001  0,00000e+000  0,00000e+000  0,00000e+000  0,00000e+000  0,00000e+000  0,00000e+000  0,00000e+000  0,00000e+000  0,00000e+000
 6,24060e+001  0,00000e+000  0,00000e+000  0,00000e+000  0,00000e+000  0,00000e+000  0,00000e+000  0,00000e+000  0,00000e+000  0,00000e+000
 6,39098e+001  0,00000e+000  0,00000e+000  0,00000e+000  0,00000e+000  0,00000e+000  0,00000e+000  0,00000e+000  0,00000e+000  0,00000e+000
 6,54135e+001  0,00000e+000  0,00000e+000  0,00000e+000  0,00000e+000  0,00000e+000  0,00000e+000  0,00000e+000  0,00000e+000  0,00000e+000
 6,69173e+001  0,00000e+000  0,00000e+000  0,00000e+000  0,00000e+000  0,00000e+000  0,00000e+000  0,00000e+000  0,00000e+000  0,00000e+000
 6,84211e+001  0,00000e+000  0,00000e+000  0,00000e+000  0,00000e+000  0,00000e+000  0,00000e+000  0,00000e+000  0,00000e+000  0,00000e+000
 6,99248e+001  0,00000e+000  0,00000e+000  0,00000e+000  0,00000e+000  0,00000e+000  0,00000e+000  0,00000e+000  0,00000e+000  0,00000e+000
 7,14286e+001  0,00000e+000  0,00000e+000  0,00000e+000  0,00000e+000  0,00000e+000  0,00000e+000  0,00000e+000  0,00000e+000  0,00000e+000
 7,29323e+001  0,00000e+000  0,00000e+000  0,00000e+000  0,00000e+000  0,00000e+000  0,00000e+000  0,00000e+000  0,00000e+000  0,00000e+000
 7,44361e+001  0,00000e+000  0,00000e+000  0,00000e+000  0,00000e+000  0,00000e+000  0,00000e+000  0,00000e+000  0,00000e+000  0,00000e+000
 7,59398e+001  0,00000e+000  0,00000e+000  0,00000e+000  0,00000e+000  0,00000e+000  0,00000e+000  0,00000e+000  0,00000e+000  0,00000e+000
 7,74436e+001  0,00000e+000  0,00000e+000  0,00000e+000  0,00000e+000  0,00000e+000  0,00000e+000  0,00000e+000  0,00000e+000  0,00000e+000
 7,89474e+001  0,00000e+000  0,00000e+000  0,00000e+000  0,00000e+000  0,00000e+000  0,00000e+000  0,00000e+000  0,00000e+000  0,00000e+000
 8,04511e+001  0,00000e+000  0,00000e+000  0,00000e+000  0,00000e+000  0,00000e+000  0,00000e+000  0,00000e+000  0,00000e+000  0,00000e+000
 8,19549e+001  0,00000e+000  0,00000e+000  0,00000e+000  0,00000e+000  0,00000e+000  0,00000e+000  0,00000e+000  0,00000e+000  0,00000e+000
 8,34586e+001  0,00000e+000  0,00000e+000  0,00000e+000  0,00000e+000  0,00000e+000  0,00000e+000  0,00000e+000  0,00000e+000  0,00000e+000
 8,49624e+001  0,00000e+000  0,00000e+000  0,00000e+000  0,00000e+000  0,00000e+000  0,00000e+000  0,00000e+000  0,00000e+000  0,00000e+000
 8,64662e+001  0,00000e+000  0,00000e+000  0,00000e+000  0,00000e+000  0,00000e+000  0,00000e+000  0,00000e+000  0,00000e+000  0,00000e+000
 8,79699e+001  0,00000e+000  0,00000e+000  0,00000e+000  0,00000e+000  0,00000e+000  0,00000e+000  0,00000e+000  0,00000e+000  0,00000e+000
 8,94737e+001  0,00000e+000  0,00000e+000  0,00000e+000  0,00000e+000  0,00000e+000  0,00000e+000  0,00000e+000  0,00000e+000  0,00000e+000
 9,09774e+001  0,00000e+000  0,00000e+000  0,00000e+000  0,00000e+000  0,00000e+000  0,00000e+000  0,00000e+000  0,00000e+000  0,00000e+000
 9,24812e+001  0,00000e+000  0,00000e+000  0,00000e+000  0,00000e+000  0,00000e+000  0,00000e+000  0,00000e+000  0,00000e+000  0,00000e+000
 9,39850e+001  0,00000e+000  0,00000e+000  0,00000e+000  0,00000e+000  0,00000e+000  0,00000e+000  0,00000e+000  0,00000e+000  0,00000e+000
 9,54887e+001  0,00000e+000  0,00000e+000  0,00000e+000  0,00000e+000  0,00000e+000  0,00000e+000  0,00000e+000  0,00000e+000  0,00000e+000
 9,69925e+001  0,00000e+000  0,00000e+000  0,00000e+000  0,00000e+000  0,00000e+000  0,00000e+000  0,00000e+000  0,00000e+000  0,00000e+000
 9,84962e+001  0,00000e+000  0,00000e+000  0,00000e+000  0,00000e+000  0,00000e+000  0,00000e+000  0,00000e+000  0,00000e+000  0,00000e+000
 1,00000e+002  0,00000e+000  0,00000e+000  1,02738e+000  1,01436e+000  1,70974e-018 -2,54193e-020  4,56779e-001 -9,81009e-002  1,51746e+000
 1,01504e+002  0,00000e+000  0,00000e+000  9,99622e-001  9,71489e-001  1,71058e-018  2,87908e-020  4,21063e-001 -7,56519e-002  1,45810e+000
 1,03008e+002  0,00000e+000  0,00000e+000  9,74205e-001  9,30742e-001  1,73811e-018 -3,50680e-019  3,87583e-001 -5,54040e-002  1,40308e+000
 1,04511e+002  0,00000e+000  0,00000e+000  9,50918e-001  8,91966e-001  1,73896e-018 -2,96470e-019  3,56162e-001 -3,71573e-002  1,35206e+000
 1,06015e+002  0,00000e+000  0,00000e+000  9,29577e-001  8,55021e-001  1,73981e-018 -2,42260e-019  3,26639e-001 -2,07332e-002  1,30472e+000
 1,07519e+002  0,00000e+000  0,00000e+000  9,10016e-001  8,19782e-001  1,74022e-018 -2,42260e-019  2,98870e-001 -5,97102e-003  1,26077e+000
 1,09023e+002  0,00000e+000  0,00000e+000  8,92086e-001  7,86134e-001  1,74107e-018 -1,33839e-019  2,72724e-001  7,27328e-003  1,21994e+000
 1,10526e+002  0,00000e+000  0,00000e+000  8,75654e-001  7,53972e-001  1,74192e-018 -1,33839e-019  2,48082e-001  1,91296e-002  1,18201e+000
 1,12030e+002  0,00000e+000  0,00000e+000  8,60598e-001  7,23201e-001  1,74277e-018 -1,33839e-019  2,24836e-001  2,97149e-002  1,14677e+000
 1,13534e+002  0,00000e+000  0,00000e+000  8,46810e-001  6,93733e-001  1,74319e-018 -2,54193e-020  2,02888e-001  3,91351e-002  1,11402e+000
 1,15038e+002  0,00000e+000  0,00000e+000  8,34192e-001  6,65488e-001  1,74362e-018 -2,54193e-020  1,82149e-001  4,74859e-002  1,08360e+000
 1,16541e+002  0,00000e+000  0,00000e+000  8,22652e-001  6,38391e-001  1,74404e-018 -2,54193e-020  1,62536e-001  5,48591e-002  1,05533e+000
 1,18045e+002  0,00000e+000  0,00000e+000  8,10318e-001  6,17522e-001  1,74489e-018 -2,54184e-020  1,43863e-001  6,14905e-002  1,03074e+000
 1,19549e+002  0,00000e+000  0,00000e+000  8,02495e-001  5,87380e-001  1,74574e-018 -2,54184e-020  1,26405e-001  6,69502e-002  1,00473e+000
 1,21053e+002  0,00000e+000  0,00000e+000  7,93736e-001  5,63345e-001  1,74573e-018 -2,54184e-020  1,09756e-001  7,18150e-002  9,82130e-001
 1,22556e+002  0,00000e+000  0,00000e+000  7,85774e-001  5,40219e-001  1,74658e-018  1,91422e-019  9,39721e-002  7,59722e-002  9,61186e-001
 1,24060e+002  0,00000e+000  0,00000e+000  7,78551e-001  5,17952e-001  1,74742e-018  1,91422e-019  7,90027e-002  7,94762e-002  9,41792e-001
 1,25564e+002  0,00000e+000  0,00000e+000  7,72016e-001  4,96499e-001  1,74827e-018  4,09956e-019  6,47994e-002  8,23766e-002  9,23853e-001
 1,27068e+002  0,00000e+000  0,00000e+000  7,66124e-001  4,75818e-001  1,72117e-018  4,09956e-019  5,13181e-002  8,47189e-002  9,07281e-001
 1,28571e+002  0,00000e+000  0,00000e+000  7,60830e-001  4,55869e-001  1,72202e-018  4,09956e-019  3,85181e-002  8,65450e-002  8,91994e-001
 1,30075e+002  0,00000e+000  0,00000e+000  7,56095e-001  4,36618e-001  1,72286e-018  4,09956e-019  2,63620e-002  8,78931e-002  8,77915e-001
 1,31579e+002  0,00000e+000  0,00000e+000  7,51882e-001  4,18030e-001  1,72287e-018  4,10804e-019  1,48152e-002  8,87986e-002  8,64974e-001
 1,33083e+002  0,00000e+000  0,00000e+000  7,48158e-001  4,00073e-001  1,72371e-018  4,10804e-019  3,84567e-003  8,92940e-002  8,53104e-001
 1,34586e+002  0,00000e+000  0,00000e+000  7,44891e-001  3,82719e-001  1,72371e-018  4,10804e-019 -6,57614e-003  8,94094e-002  8,42243e-001
 1,36090e+002  0,00000e+000  0,00000e+000  7,42053e-001  3,65941e-001  1,72456e-018  4,10804e-019 -1,64776e-002  8,91724e-002  8,32333e-001
 1,37594e+002  0,00000e+000  0,00000e+000  7,39618e-001  3,49712e-001  1,72541e-018  4,10804e-019 -2,58842e-002  8,86087e-002  8,23319e-001
 1,39098e+002  0,00000e+000  0,00000e+000  7,37560e-001  3,34010e-001  1,73896e-018  4,10804e-019 -3,48194e-002  8,77420e-002  8,15149e-001
 1,40602e+002  0,00000e+000  0,00000e+000  7,35857e-001  3,18811e-001  1,73981e-018  4,10804e-019 -4,33051e-002  8,65944e-002  8,07775e-001
 1,42105e+002  0,00000e+000  0,00000e+000  7,34487e-001  3,04095e-001  1,73981e-018  4,11651e-019 -5,13619e-002  8,51864e-002  8,01150e-001
 1,43609e+002  0,00000e+000  0,00000e+000  7,33432e-001  2,89843e-001  1,74065e-018  8,45331e-019 -5,90086e-002  8,35370e-002  7,95231e-001
 1,45113e+002  0,00000e+000  0,00000e+000  7,32671e-001  2,76037e-001  1,74149e-018  8,45331e-019 -6,62631e-002  8,16640e-002  7,89977e-001
 1,46617e+002  0,00000e+000  0,00000e+000  7,32189e-001  2,62658e-001  1,74149e-018  8,45331e-019 -7,31418e-002  7,95838e-002  7,85349e-001
 1,48120e+002  0,00000e+000  0,00000e+000  7,31968e-001  2,49691e-001  1,29511e-018  8,45331e-019 -7,96602e-002  7,73120e-002  7,81310e-001
 1,49624e+002  0,00000e+000  0,00000e+000  7,31995e-001  2,37120e-001  1,29511e-018  8,45331e-019 -8,58328e-002  7,48629e-002  7,77826e-001
 1,51128e+002  0,00000e+000  0,00000e+000  7,32254e-001  2,24932e-001  1,29596e-018  8,46178e-019 -9,16732e-002  7,22501e-002  7,74864e-001
 1,52632e+002  0,00000e+000  0,00000e+000  7,32733e-001  2,13112e-001  1,30273e-018  8,46178e-019 -9,71942e-002  6,94863e-002  7,72392e-001
 1,54135e+002  0,00000e+000  0,00000e+000  7,33419e-001  2,01648e-001  1,30358e-018  8,46178e-019 -1,02408e-001  6,65834e-002  7,70381e-001
 1,55639e+002  0,00000e+000  0,00000e+000  7,34301e-001  1,90527e-001  1,30358e-018  8,46178e-019 -1,07325e-001  6,35524e-002  7,68802e-001
 1,57143e+002  0,00000e+000  0,00000e+000  7,35368e-001  1,79739e-001  1,30443e-018  8,46178e-019 -1,11956e-001  6,04040e-002  7,67629e-001
 1,58647e+002  0,00000e+000  0,00000e+000  7,36609e-001  1,69273e-001  1,30443e-018  8,46178e-019 -1,16312e-001  5,71481e-002  7,66838e-001
 1,60150e+002  0,00000e+000  0,00000e+000  7,38015e-001  1,59117e-001  1,30189e-018  8,47025e-019 -1,20402e-001  5,37939e-002  7,66403e-001
 1,61654e+002  0,00000e+000  0,00000e+000  7,39576e-001  1,49263e-001  8,68210e-019  8,47025e-019 -1,24234e-001  5,03503e-002  7,66304e-001
 1,63158e+002  0,00000e+000  0,00000e+000  7,41284e-001  1,39701e-001  8,69057e-019  8,47025e-019 -1,27818e-001  4,68257e-002  7,66517e-001
 1,64662e+002  0,00000e+000  0,00000e+000  7,43130e-001  1,30423e-001  8,67364e-019  8,47025e-019 -1,31160e-001  4,32279e-002  7,67023e-001
 1,66165e+002  0,00000e+000  0,00000e+000  7,45108e-001  1,21420e-001  8,67364e-019  8,47025e-019 -1,34270e-001  3,95644e-002  7,67803e-001
 1,67669e+002  0,00000e+000  0,00000e+000  7,47208e-001  1,12683e-001  8,68212e-019  8,47872e-019 -1,37153e-001  3,58423e-002  7,68839e-001
 1,69173e+002  0,00000e+000  0,00000e+000  7,49425e-001  1,04207e-001  8,68212e-019  8,47872e-019 -1,39817e-001  3,20682e-002  7,70113e-001
 1,70677e+002  0,00000e+000  0,00000e+000  7,51752e-001  9,59825e-002  8,67366e-019  8,47872e-019 -1,42269e-001  2,82487e-002  7,71610e-001
 1,72180e+002  0,00000e+000  0,00000e+000  7,54183e-001  8,80037e-002  8,67366e-019  8,47872e-019 -1,44514e-001  2,43897e-002  7,73315e-001
 1,73684e+002  0,00000e+000  0,00000e+000  7,56711e-001  8,02637e-002  8,68214e-019  8,48718e-019 -1,46559e-001  2,04971e-002  7,75212e-001
 1,75188e+002  0,00000e+000  0,00000e+000  7,59330e-001  7,27563e-002  8,68214e-019  8,48718e-019 -1,48409e-001  1,65763e-002  7,77288e-001
 1,76692e+002  0,00000e+000  0,00000e+000  7,62036e-001  6,54754e-002  8,68214e-019  8,48718e-019 -1,50070e-001  1,26327e-002  7,79530e-001
 1,78195e+002  0,00000e+000  0,00000e+000  7,64823e-001  5,84153e-002  8,69062e-019  8,48718e-019 -1,51547e-001  8,67120e-003  7,81926e-001
 1,79699e+002  0,00000e+000  0,00000e+000  7,67686e-001  5,15705e-002  8,69062e-019  8,48718e-019 -1,52845e-001  4,69663e-003  7,84465e-001
 1,81203e+002  0,00000e+000  0,00000e+000  7,70620e-001  4,49355e-002  8,69063e-019  8,49565e-019 -1,53970e-001  7,13574e-004  7,87135e-001
 1,82707e+002  0,00000e+000  0,00000e+000  7,73621e-001  3,85054e-002  6,53070e-019  8,49989e-019 -1,54925e-001 -3,27359e-003  7,89927e-001
 1,84211e+002  0,00000e+000  0,00000e+000  7,76685e-001  3,22752e-002  6,53070e-019  8,49988e-019 -1,55715e-001 -7,26066e-003  7,92831e-001
 1,85714e+002  0,00000e+000  0,00000e+000  7,79806e-001  2,62402e-002  6,53917e-019  8,50412e-019 -1,56345e-001 -1,12436e-002  7,95837e-001
 1,87218e+002  0,00000e+000  0,00000e+000  7,82982e-001  2,03959e-002  6,53918e-019  8,50412e-019 -1,56819e-001 -1,52186e-002  7,98937e-001
 1,88722e+002  0,00000e+000  0,00000e+000  7,86208e-001  1,47378e-002  6,53071e-019  8,50835e-019 -1,57141e-001 -1,91820e-002  8,02123e-001
 1,90226e+002  0,00000e+000  0,00000e+000  7,89481e-001  9,26181e-003  6,53071e-019  8,50835e-019 -1,57314e-001 -2,31302e-002  8,05387e-001
 1,91729e+002  0,00000e+000  0,00000e+000  7,92797e-001  3,96377e-003  4,37078e-019  1,71862e-018 -1,57344e-001 -2,70598e-002  8,08723e-001
 1,93233e+002  0,00000e+000  0,00000e+000  7,96153e-001 -1,16025e-003  4,37079e-019  1,71862e-018 -1,57233e-001 -3,09675e-002  8,12122e-001
 1,94737e+002  0,00000e+000  0,00000e+000  7,99545e-001 -6,11404e-003  4,37079e-019  1,71904e-018 -1,56986e-001 -3,48502e-002  8,15579e-001
 1,96241e+002  0,00000e+000  0,00000e+000  8,02970e-001 -1,09013e-002  2,21086e-019  1,71904e-018 -1,56605e-001 -3,87050e-002  8,19087e-001
 1,97744e+002  0,00000e+000  0,00000e+000  8,06426e-001 -1,55256e-002  2,21086e-019  1,71947e-018 -1,56095e-001 -4,25289e-002  8,22641e-001
 1,99248e+002  0,00000e+000  0,00000e+000  8,09909e-001 -1,99905e-002  3,29507e-019  1,71947e-018 -1,55459e-001 -4,63191e-002  8,26236e-001
 2,00752e+002  0,00000e+000  0,00000e+000  8,13417e-001 -2,42992e-002  3,30354e-019  1,71989e-018 -1,54699e-001 -5,00729e-002  8,29865e-001
 2,02256e+002  0,00000e+000  0,00000e+000  8,16946e-001 -2,84550e-002  3,30354e-019  1,71989e-018 -1,53820e-001 -5,37879e-002  8,33525e-001
 2,03759e+002  0,00000e+000  0,00000e+000  8,20495e-001 -3,24612e-002 -2,11746e-019  1,72031e-018 -1,52825e-001 -5,74615e-002  8,37211e-001
 2,05263e+002  0,00000e+000  0,00000e+000  8,24060e-001 -3,63207e-002  5,09429e-021  1,72074e-018 -1,51716e-001 -6,10913e-002  8,40918e-001
 2,06767e+002  0,00000e+000  0,00000e+000  8,27639e-001 -4,00367e-002  5,94164e-021  1,72074e-018 -1,50497e-001 -6,46751e-002  8,44643e-001
 2,08271e+002  0,00000e+000  0,00000e+000  8,31230e-001 -4,36119e-002 -4,82683e-020  1,72116e-018 -1,49171e-001 -6,82107e-002  8,48381e-001
 2,09774e+002  0,00000e+000  0,00000e+000  8,34831e-001 -4,70494e-002  1,68572e-019  1,72116e-018 -1,47741e-001 -7,16959e-002  8,52129e-001
 2,11278e+002  0,00000e+000  0,00000e+000  8,38439e-001 -5,03518e-002  1,14363e-019  8,54223e-019 -1,46210e-001 -7,51288e-002  8,55883e-001
 2,12782e+002  0,00000e+000  0,00000e+000  8,42052e-001 -5,35219e-002  1,14337e-019  8,54435e-019 -1,44581e-001 -7,85074e-002  8,59641e-001
 2,14286e+002  0,00000e+000  0,00000e+000  8,45668e-001 -5,65623e-002  8,80919e-020  8,54646e-019 -1,42856e-001 -8,18299e-002  8,63399e-001
 2,15789e+002  0,00000e+000  0,00000e+000  8,49285e-001 -5,94757e-002  6,09872e-020  8,55070e-019 -1,41038e-001 -8,50944e-002  8,67154e-001
 2,17293e+002  0,00000e+000  0,00000e+000  8,52902e-001 -6,22645e-002  3,38824e-020  8,55282e-019 -1,39131e-001 -8,82992e-002  8,70903e-001
 2,18797e+002  0,00000e+000  0,00000e+000  8,56516e-001 -6,49312e-002  6,77750e-021  8,55493e-019 -1,37136e-001 -9,14427e-002  8,74645e-001
 2,20301e+002  0,00000e+000  0,00000e+000  8,60125e-001 -6,74783e-002  6,77782e-021  8,55705e-019 -1,35057e-001 -9,45234e-002  8,78375e-001
 2,21805e+002  0,00000e+000  0,00000e+000  8,63728e-001 -6,99081e-002  7,62505e-021  8,55917e-019 -1,32897e-001 -9,75397e-002  8,82093e-001
 2,23308e+002  0,00000e+000  0,00000e+000  8,67323e-001 -7,22230e-002 -4,65847e-020  8,56129e-019 -1,30657e-001 -1,00490e-001  8,85796e-001
 2,24812e+002  0,00000e+000  0,00000e+000  8,70909e-001 -7,44253e-002 -1,00795e-019  8,56341e-019 -1,28342e-001 -1,03374e-001  8,89482e-001
 2,26316e+002  0,00000e+000  0,00000e+000  8,74483e-001 -7,65172e-002 -1,00794e-019  8,56552e-019 -1,25952e-001 -1,06188e-001  8,93149e-001
 2,27820e+002  0,00000e+000  0,00000e+000  8,78045e-001 -7,85009e-002 -1,00794e-019  8,56976e-019 -1,23491e-001 -1,08933e-001  8,96795e-001
 2,29323e+002  0,00000e+000  0,00000e+000  8,81592e-001 -8,03785e-002 -9,99468e-020  8,57188e-019 -1,20962e-001 -1,11608e-001  9,00419e-001
 2,30827e+002  0,00000e+000  0,00000e+000  8,85124e-001 -8,21523e-002 -9,99467e-020  8,57399e-019 -1,18367e-001 -1,14210e-001  9,04018e-001
 2,32331e+002  0,00000e+000  0,00000e+000  8,88639e-001 -8,38244e-002 -9,99465e-020  8,57611e-019 -1,15708e-001 -1,16739e-001  9,07591e-001
 2,33835e+002  0,00000e+000  0,00000e+000  8,92135e-001 -8,53966e-002 -2,08366e-019  8,57929e-019 -1,12988e-001 -1,19194e-001  9,11137e-001
 2,35338e+002  0,00000e+000  0,00000e+000  8,95612e-001 -8,68712e-002 -2,08366e-019  8,58246e-019 -1,10210e-001 -1,21574e-001  9,14655e-001
 2,36842e+002  0,00000e+000  0,00000e+000  8,99067e-001 -8,82501e-002 -2,08366e-019  8,58458e-019 -1,07376e-001 -1,23878e-001  9,18142e-001
 2,38346e+002  0,00000e+000  0,00000e+000  9,02501e-001 -8,95353e-002 -2,08366e-019  8,58670e-019 -1,04488e-001 -1,26105e-001  9,21599e-001
 2,39850e+002  0,00000e+000  0,00000e+000  9,05911e-001 -9,07286e-002 -2,08365e-019  8,58935e-019 -1,01548e-001 -1,28255e-001  9,25023e-001
 2,41353e+002  0,00000e+000  0,00000e+000  9,09296e-001 -9,18321e-002 -4,24359e-019  8,59173e-019 -9,85602e-002 -1,30326e-001  9,28414e-001
 2,42857e+002  0,00000e+000  0,00000e+000  9,12656e-001 -9,28476e-002 -4,24358e-019  8,59411e-019 -9,55256e-002 -1,32319e-001  9,31770e-001
 2,44361e+002  0,00000e+000  0,00000e+000  9,15990e-001 -9,37770e-002 -4,24358e-019  8,59676e-019 -9,24470e-002 -1,34231e-001  9,35091e-001
 2,45865e+002  0,00000e+000  0,00000e+000  9,19295e-001 -9,46221e-002 -4,24358e-019  8,59914e-019 -8,93267e-002 -1,36064e-001  9,38376e-001
 2,47368e+002  0,00000e+000  0,00000e+000  9,22572e-001 -9,53847e-002 -4,24358e-019  8,60152e-019 -8,61670e-002 -1,37816e-001  9,41624e-001
 2,48872e+002  0,00000e+000  0,00000e+000  9,25819e-001 -9,60665e-002 -4,24358e-019  8,60417e-019 -8,29703e-002 -1,39487e-001  9,44834e-001
 2,50376e+002  0,00000e+000  0,00000e+000  9,29036e-001 -9,66695e-002 -4,24357e-019  8,60682e-019 -7,97387e-002 -1,41077e-001  9,48005e-001
 2,51880e+002  0,00000e+000  0,00000e+000  9,32221e-001 -9,71953e-002 -4,24357e-019  8,60893e-019 -7,64746e-002 -1,42584e-001  9,51137e-001
 2,53383e+002  0,00000e+000  0,00000e+000  9,35374e-001 -9,76456e-002 -4,24357e-019  8,61105e-019 -7,31803e-002 -1,44009e-001  9,54229e-001
 2,54887e+002  0,00000e+000  0,00000e+000  9,38494e-001 -9,80222e-002 -4,24370e-019  8,61423e-019 -6,98581e-002 -1,45352e-001  9,57281e-001
 2,56391e+002  0,00000e+000  0,00000e+000  9,41579e-001 -9,83267e-002 -4,24370e-019  8,61635e-019 -6,65100e-002 -1,46612e-001  9,60291e-001
 2,57895e+002  0,00000e+000  0,00000e+000  9,44630e-001 -9,85608e-002 -4,24370e-019  8,61846e-019 -6,31384e-002 -1,47789e-001  9,63259e-001
 2,59398e+002  0,00000e+000  0,00000e+000  9,47646e-001 -9,87262e-002 -4,24370e-019  8,62058e-019 -5,97454e-002 -1,48884e-001  9,66186e-001
 2,60902e+002  0,00000e+000  0,00000e+000  9,50625e-001 -9,88244e-002 -4,24369e-019  8,62270e-019 -5,63332e-002 -1,49895e-001  9,69070e-001
 2,62406e+002  0,00000e+000  0,00000e+000  9,53568e-001 -9,88572e-002 -8,58050e-019  8,62482e-019 -5,29039e-002 -1,50822e-001  9,71911e-001
 2,63910e+002  0,00000e+000  0,00000e+000  9,56473e-001 -9,88260e-002 -8,57203e-019  8,62694e-019 -4,94598e-002 -1,51667e-001  9,74708e-001
 2,65414e+002  0,00000e+000  0,00000e+000  9,59340e-001 -9,87324e-002 -8,57203e-019  8,62905e-019 -4,60028e-002 -1,52428e-001  9,77462e-001
 2,66917e+002  0,00000e+000  0,00000e+000  9,62168e-001 -9,85781e-002 -8,57202e-019  8,63117e-019 -4,25352e-002 -1,53107e-001  9,80171e-001
 2,68421e+002  0,00000e+000  0,00000e+000  9,64957e-001 -9,83646e-002 -8,57202e-019  8,63329e-019 -3,90589e-002 -1,53702e-001  9,82837e-001
 2,69925e+002  0,00000e+000  0,00000e+000  9,67706e-001 -9,80933e-002 -8,57202e-019  8,63752e-019 -3,55761e-002 -1,54215e-001  9,85457e-001
 2,71429e+002  0,00000e+000  0,00000e+000  9,70415e-001 -9,77659e-002 -8,57195e-019  8,63964e-019 -3,20887e-002 -1,54646e-001  9,88033e-001
 2,72932e+002  0,00000e+000  0,00000e+000  9,73084e-001 -9,73838e-002 -8,57195e-019  8,64176e-019 -2,85988e-002 -1,54994e-001  9,90564e-001
 2,74436e+002  0,00000e+000  0,00000e+000  9,75711e-001 -9,69484e-002 -8,57195e-019  4,30707e-019 -2,51084e-002 -1,55260e-001  9,93049e-001
 2,75940e+002  0,00000e+000  0,00000e+000  9,78296e-001 -9,64613e-002 -8,57195e-019  4,30918e-019 -2,16195e-002 -1,55444e-001  9,95489e-001
 2,77444e+002  0,00000e+000  0,00000e+000  9,80840e-001 -9,59239e-002 -8,57195e-019  4,31130e-019 -1,81340e-002 -1,55547e-001  9,97883e-001
 2,78947e+002  0,00000e+000  0,00000e+000  9,83340e-001 -9,53377e-002 -8,57194e-019  4,31342e-019 -1,46538e-002 -1,55570e-001  1,00023e+000
 2,80451e+002  0,00000e+000  0,00000e+000  9,85799e-001 -9,47040e-002 -8,57194e-019  4,31554e-019 -1,11809e-002 -1,55512e-001  1,00254e+000
 2,81955e+002  0,00000e+000  0,00000e+000  9,88214e-001 -9,40243e-002 -8,58048e-019  4,31766e-019 -7,71717e-003 -1,55374e-001  1,00479e+000
 2,83459e+002  0,00000e+000  0,00000e+000  9,90585e-001 -9,33000e-002 -8,57624e-019  4,31977e-019 -4,26442e-003 -1,55156e-001  1,00700e+000
 2,84962e+002  0,00000e+000  0,00000e+000  9,92913e-001 -9,25324e-002 -8,57624e-019  4,32189e-019 -8,24505e-004 -1,54860e-001  1,00917e+000
 2,86466e+002  0,00000e+000  0,00000e+000  9,95197e-001 -9,17229e-002 -8,57624e-019  4,32401e-019  2,60074e-003 -1,54486e-001  1,01129e+000
 2,87970e+002  0,00000e+000  0,00000e+000  9,97437e-001 -9,08729e-002 -8,57623e-019  4,32401e-019  6,00953e-003 -1,54034e-001  1,01336e+000
 2,89474e+002  0,00000e+000  0,00000e+000  9,99633e-001 -8,99838e-002 -8,57623e-019  4,32825e-019  9,40010e-003 -1,53505e-001  1,01539e+000
 2,90977e+002  0,00000e+000  0,00000e+000  1,00178e+000 -8,90567e-002 -8,57620e-019  4,32825e-019  1,27707e-002 -1,52900e-001  1,01737e+000
 2,92481e+002  0,00000e+000  0,00000e+000  1,00389e+000 -8,80931e-002 -8,58043e-019  4,33248e-019  1,61196e-002 -1,52220e-001  1,01931e+000
 2,93985e+002  0,00000e+000  0,00000e+000  1,00595e+000 -8,70942e-002 -8,58043e-019  4,33248e-019  1,94452e-002 -1,51465e-001  1,02120e+000
 2,95489e+002  0,00000e+000  0,00000e+000  1,00797e+000 -8,60613e-002 -8,58043e-019  4,33672e-019  2,27457e-002 -1,50636e-001  1,02304e+000
 2,96992e+002  0,00000e+000  0,00000e+000  1,00994e+000 -8,49958e-002 -8,58043e-019  2,16832e-019  2,60196e-002 -1,49734e-001  1,02484e+000
 2,98496e+002  0,00000e+000  0,00000e+000  1,01186e+000 -8,38987e-002 -8,58044e-019  2,16832e-019  2,92651e-002 -1,48760e-001  1,02659e+000
 3,00000e+002  0,00000e+000  0,00000e+000  1,01374e+000 -8,27715e-002 -8,58044e-019  2,17255e-019  3,24808e-002 -1,47715e-001  1,02830e+000
