gmm01f.out        --- input file: Ag-Si-2s-405nm.k     xv: 1,95464627874216      xs: 2,19401626575722
Ranges of Euler angles: 0   0   90   90   0   0
nbeta,nthet,nphai:    1    1    1      # of orientations averaged: 1
       Cext         Cabs         Csca         Cbak         Cpr     <cos(theta)>
 t 126739,03419  51560,42274  75178,61146  12349,24224  91428,12386      0,46969
 x 126739,03419  51560,42274  75178,61146  12349,24224  91428,12386      0,46969
 y 126739,03419  51560,42274  75178,61146  12349,24224  91428,12386      0,46969
      Qextv        Qabsv        Qscav        Qbakv        Qprv     <cos(theta)>
 t      2,54140      1,03390      1,50750      0,24763      1,83334      0,46969
 x      2,54140      1,03390      1,50750      0,24763      1,83334      0,46969
 y      2,54140      1,03390      1,50750      0,24763      1,83334      0,46969
      Qexts        Qabss        Qscas        Qbaks        Qprs     <cos(theta)>
 t      2,01711      0,82061      1,19650      0,19654      1,45512      0,46969
 x      2,01711      0,82061      1,19650      0,19654      1,45512      0,46969
 y      2,01711      0,82061      1,19650      0,19654      1,45512      0,46969
    s.a.    i11+i22     pol.       i11          i21          i12          i22
    0,0     17,03466   0,0000      8,51733      0,00000      0,00000      8,51733
    1,0     17,38523   0,0002      8,69411      0,00000      0,00000      8,69112
    2,0     17,71260   0,0007      8,86231      0,00000      0,00000      8,85029
    3,0     18,01555   0,0015      9,02134      0,00000      0,00000      8,99421
    4,0     18,29301   0,0026      9,17067      0,00000      0,00000      9,12234
    5,0     18,54403   0,0041      9,30979      0,00000      0,00000      9,23424
    6,0     18,76778   0,0058      9,43824      0,00000      0,00000      9,32954
    7,0     18,96357   0,0078      9,55558      0,00000      0,00000      9,40800
    8,0     19,13086   0,0100      9,66143      0,00000      0,00000      9,46943
    9,0     19,26924   0,0125      9,75545      0,00000      0,00000      9,51378
   10,0     19,37843   0,0153      9,83737      0,00000      0,00000      9,54107
   11,0     19,45833   0,0183      9,90693      0,00000      0,00000      9,55140
   12,0     19,50896   0,0215      9,96395      0,00000      0,00000      9,54500
   13,0     19,53046   0,0249     10,00830      0,00000      0,00000      9,52216
   14,0     19,52313   0,0285     10,03989      0,00000      0,00000      9,48324
   15,0     19,48740   0,0323     10,05868      0,00000      0,00000      9,42872
   16,0     19,42381   0,0363     10,06470      0,00000      0,00000      9,35912
   17,0     19,33305   0,0405     10,05801      0,00000      0,00000      9,27503
   18,0     19,21588   0,0448     10,03874      0,00000      0,00000      9,17713
   19,0     19,07319   0,0493     10,00706      0,00000      0,00000      9,06613
   20,0     18,90598   0,0540      9,96319      0,00000      0,00000      8,94279
   21,0     18,71530   0,0587      9,90738      0,00000      0,00000      8,80792
   22,0     18,50230   0,0636      9,83995      0,00000      0,00000      8,66236
   23,0     18,26821   0,0687      9,76123      0,00000      0,00000      8,50698
   24,0     18,01429   0,0738      9,67162      0,00000      0,00000      8,34268
   25,0     17,74188   0,0790      9,57153      0,00000      0,00000      8,17035
   26,0     17,45232   0,0843      9,46142      0,00000      0,00000      7,99090
   27,0     17,14701   0,0896      9,34176      0,00000      0,00000      7,80525
   28,0     16,82737   0,0950      9,21307      0,00000      0,00000      7,61430
   29,0     16,49481   0,1005      9,07587      0,00000      0,00000      7,41895
   30,0     16,15076   0,1059      8,93070      0,00000      0,00000      7,22006
   31,0     15,79663   0,1114      8,77814      0,00000      0,00000      7,01849
   32,0     15,43382   0,1169      8,61876      0,00000      0,00000      6,81505
   33,0     15,06370   0,1223      8,45314      0,00000      0,00000      6,61055
   34,0     14,68762   0,1277      8,28187      0,00000      0,00000      6,40574
   35,0     14,30688   0,1331      8,10555      0,00000      0,00000      6,20133
   36,0     13,92276   0,1384      7,92475      0,00000      0,00000      5,99800
   37,0     13,53646   0,1436      7,74008      0,00000      0,00000      5,79638
   38,0     13,14916   0,1487      7,55210      0,00000      0,00000      5,59706
   39,0     12,76195   0,1536      7,36139      0,00000      0,00000      5,40056
   40,0     12,37590   0,1585      7,16851      0,00000      0,00000      5,20740
   41,0     11,99198   0,1631      6,97399      0,00000      0,00000      5,01799
   42,0     11,61112   0,1676      6,77837      0,00000      0,00000      4,83276
   43,0     11,23418   0,1718      6,58215      0,00000      0,00000      4,65203
   44,0     10,86193   0,1758      6,38582      0,00000      0,00000      4,47611
   45,0     10,49511   0,1796      6,18986      0,00000      0,00000      4,30525
   46,0     10,13437   0,1830      5,99469      0,00000      0,00000      4,13968
   47,0      9,78029   0,1862      5,80074      0,00000      0,00000      3,97955
   48,0      9,43342   0,1891      5,60842      0,00000      0,00000      3,82500
   49,0      9,09419   0,1915      5,41807      0,00000      0,00000      3,67612
   50,0      8,76302   0,1937      5,23006      0,00000      0,00000      3,53296
   51,0      8,44024   0,1954      5,04469      0,00000      0,00000      3,39554
   52,0      8,12613   0,1967      4,86227      0,00000      0,00000      3,26387
   53,0      7,82093   0,1976      4,68305      0,00000      0,00000      3,13788
   54,0      7,52480   0,1980      4,50727      0,00000      0,00000      3,01754
   55,0      7,23788   0,1979      4,33514      0,00000      0,00000      2,90273
   56,0      6,96024   0,1973      4,16687      0,00000      0,00000      2,79337
   57,0      6,69191   0,1963      4,00260      0,00000      0,00000      2,68931
   58,0      6,43291   0,1946      3,84249      0,00000      0,00000      2,59042
   59,0      6,18318   0,1925      3,68664      0,00000      0,00000      2,49654
   60,0      5,94265   0,1898      3,53516      0,00000      0,00000      2,40749
   61,0      5,71122   0,1865      3,38812      0,00000      0,00000      2,32310
   62,0      5,48877   0,1826      3,24558      0,00000      0,00000      2,24319
   63,0      5,27512   0,1782      3,10757      0,00000      0,00000      2,16755
   64,0      5,07011   0,1732      2,97411      0,00000      0,00000      2,09599
   65,0      4,87353   0,1676      2,84521      0,00000      0,00000      2,02832
   66,0      4,68517   0,1615      2,72085      0,00000      0,00000      1,96432
   67,0      4,50481   0,1548      2,60101      0,00000      0,00000      1,90380
   68,0      4,33221   0,1475      2,48565      0,00000      0,00000      1,84657
   69,0      4,16712   0,1397      2,37471      0,00000      0,00000      1,79241
   70,0      4,00927   0,1314      2,26813      0,00000      0,00000      1,74114
   71,0      3,85842   0,1227      2,16584      0,00000      0,00000      1,69258
   72,0      3,71429   0,1134      2,06777      0,00000      0,00000      1,64652
   73,0      3,57662   0,1037      1,97382      0,00000      0,00000      1,60281
   74,0      3,44515   0,0937      1,88389      0,00000      0,00000      1,56125
   75,0      3,31960   0,0832      1,79790      0,00000      0,00000      1,52170
   76,0      3,19971   0,0724      1,71573      0,00000      0,00000      1,48398
   77,0      3,08522   0,0614      1,63727      0,00000      0,00000      1,44795
   78,0      2,97588   0,0501      1,56242      0,00000      0,00000      1,41346
   79,0      2,87143   0,0385      1,49105      0,00000      0,00000      1,38037
   80,0      2,77163   0,0269      1,42306      0,00000      0,00000      1,34856
   81,0      2,67623   0,0151      1,35833      0,00000      0,00000      1,31791
   82,0      2,58502   0,0033      1,29673      0,00000      0,00000      1,28829
   83,0      2,49776  -0,0086      1,23815      0,00000      0,00000      1,25961
   84,0      2,41424  -0,0204      1,18248      0,00000      0,00000      1,23176
   85,0      2,33426  -0,0322      1,12960      0,00000      0,00000      1,20466
   86,0      2,25761  -0,0438      1,07939      0,00000      0,00000      1,17822
   87,0      2,18410  -0,0552      1,03174      0,00000      0,00000      1,15236
   88,0      2,11356  -0,0665      0,98655      0,00000      0,00000      1,12701
   89,0      2,04581  -0,0774      0,94369      0,00000      0,00000      1,10212
   90,0      1,98070  -0,0881      0,90308      0,00000      0,00000      1,07762
   91,0      1,91806  -0,0985      0,86460      0,00000      0,00000      1,05346
   92,0      1,85775  -0,1084      0,82815      0,00000      0,00000      1,02960
   93,0      1,79965  -0,1180      0,79364      0,00000      0,00000      1,00601
   94,0      1,74361  -0,1271      0,76097      0,00000      0,00000      0,98264
   95,0      1,68953  -0,1358      0,73006      0,00000      0,00000      0,95947
   96,0      1,63729  -0,1439      0,70080      0,00000      0,00000      0,93649
   97,0      1,58679  -0,1516      0,67313      0,00000      0,00000      0,91366
   98,0      1,53794  -0,1587      0,64696      0,00000      0,00000      0,89098
   99,0      1,49065  -0,1652      0,62221      0,00000      0,00000      0,86844
  100,0      1,44483  -0,1711      0,59880      0,00000      0,00000      0,84603
  101,0      1,40043  -0,1764      0,57667      0,00000      0,00000      0,82376
  102,0      1,35737  -0,1811      0,55574      0,00000      0,00000      0,80162
  103,0      1,31559  -0,1852      0,53596      0,00000      0,00000      0,77963
  104,0      1,27503  -0,1886      0,51725      0,00000      0,00000      0,75778
  105,0      1,23566  -0,1914      0,49957      0,00000      0,00000      0,73609
  106,0      1,19742  -0,1935      0,48285      0,00000      0,00000      0,71458
  107,0      1,16028  -0,1950      0,46703      0,00000      0,00000      0,69325
  108,0      1,12421  -0,1957      0,45208      0,00000      0,00000      0,67213
  109,0      1,08917  -0,1958      0,43794      0,00000      0,00000      0,65124
  110,0      1,05515  -0,1953      0,42456      0,00000      0,00000      0,63059
  111,0      1,02211  -0,1940      0,41190      0,00000      0,00000      0,61020
  112,0      0,99004  -0,1921      0,39993      0,00000      0,00000      0,59011
  113,0      0,95892  -0,1895      0,38859      0,00000      0,00000      0,57033
  114,0      0,92875  -0,1863      0,37786      0,00000      0,00000      0,55089
  115,0      0,89950  -0,1824      0,36770      0,00000      0,00000      0,53180
  116,0      0,87118  -0,1779      0,35808      0,00000      0,00000      0,51310
  117,0      0,84377  -0,1728      0,34897      0,00000      0,00000      0,49480
  118,0      0,81727  -0,1671      0,34034      0,00000      0,00000      0,47693
  119,0      0,79167  -0,1609      0,33215      0,00000      0,00000      0,45951
  120,0      0,76696  -0,1541      0,32440      0,00000      0,00000      0,44257
  121,0      0,74316  -0,1468      0,31704      0,00000      0,00000      0,42611
  122,0      0,72024  -0,1390      0,31007      0,00000      0,00000      0,41017
  123,0      0,69822  -0,1308      0,30346      0,00000      0,00000      0,39476
  124,0      0,67708  -0,1222      0,29718      0,00000      0,00000      0,37990
  125,0      0,65682  -0,1132      0,29123      0,00000      0,00000      0,36560
  126,0      0,63745  -0,1040      0,28558      0,00000      0,00000      0,35187
  127,0      0,61894  -0,0945      0,28022      0,00000      0,00000      0,33873
  128,0      0,60131  -0,0849      0,27513      0,00000      0,00000      0,32618
  129,0      0,58454  -0,0752      0,27031      0,00000      0,00000      0,31424
  130,0      0,56863  -0,0654      0,26573      0,00000      0,00000      0,30290
  131,0      0,55357  -0,0556      0,26139      0,00000      0,00000      0,29218
  132,0      0,53935  -0,0460      0,25727      0,00000      0,00000      0,28208
  133,0      0,52595  -0,0365      0,25337      0,00000      0,00000      0,27259
  134,0      0,51338  -0,0273      0,24967      0,00000      0,00000      0,26371
  135,0      0,50161  -0,0185      0,24617      0,00000      0,00000      0,25543
  136,0      0,49062  -0,0100      0,24287      0,00000      0,00000      0,24776
  137,0      0,48042  -0,0019      0,23974      0,00000      0,00000      0,24068
  138,0      0,47097   0,0056      0,23679      0,00000      0,00000      0,23417
  139,0      0,46226   0,0125      0,23402      0,00000      0,00000      0,22824
  140,0      0,45427   0,0188      0,23141      0,00000      0,00000      0,22286
  141,0      0,44698   0,0245      0,22896      0,00000      0,00000      0,21802
  142,0      0,44037   0,0295      0,22667      0,00000      0,00000      0,21370
  143,0      0,43441   0,0337      0,22454      0,00000      0,00000      0,20988
  144,0      0,42909   0,0373      0,22255      0,00000      0,00000      0,20654
  145,0      0,42437   0,0402      0,22071      0,00000      0,00000      0,20366
  146,0      0,42024   0,0423      0,21902      0,00000      0,00000      0,20122
  147,0      0,41666   0,0438      0,21746      0,00000      0,00000      0,19920
  148,0      0,41362   0,0447      0,21605      0,00000      0,00000      0,19756
  149,0      0,41108   0,0450      0,21478      0,00000      0,00000      0,19630
  150,0      0,40902   0,0447      0,21364      0,00000      0,00000      0,19538
  151,0      0,40741   0,0439      0,21264      0,00000      0,00000      0,19477
  152,0      0,40624   0,0426      0,21177      0,00000      0,00000      0,19446
  153,0      0,40546   0,0410      0,21104      0,00000      0,00000      0,19442
  154,0      0,40507   0,0390      0,21043      0,00000      0,00000      0,19463
  155,0      0,40502   0,0368      0,20996      0,00000      0,00000      0,19506
  156,0      0,40531   0,0343      0,20962      0,00000      0,00000      0,19570
  157,0      0,40591   0,0318      0,20940      0,00000      0,00000      0,19651
  158,0      0,40679   0,0291      0,20931      0,00000      0,00000      0,19748
  159,0      0,40795   0,0264      0,20935      0,00000      0,00000      0,19860
  160,0      0,40935   0,0236      0,20951      0,00000      0,00000      0,19983
  161,0      0,41098   0,0210      0,20980      0,00000      0,00000      0,20118
  162,0      0,41282   0,0184      0,21021      0,00000      0,00000      0,20261
  163,0      0,41487   0,0159      0,21074      0,00000      0,00000      0,20413
  164,0      0,41711   0,0136      0,21139      0,00000      0,00000      0,20571
  165,0      0,41952   0,0115      0,21217      0,00000      0,00000      0,20735
  166,0      0,42209   0,0095      0,21305      0,00000      0,00000      0,20904
  167,0      0,42483   0,0077      0,21406      0,00000      0,00000      0,21077
  168,0      0,42771   0,0062      0,21518      0,00000      0,00000      0,21254
  169,0      0,43074   0,0048      0,21641      0,00000      0,00000      0,21434
  170,0      0,43391   0,0036      0,21775      0,00000      0,00000      0,21617
  171,0      0,43722   0,0027      0,21919      0,00000      0,00000      0,21803
  172,0      0,44066   0,0019      0,22074      0,00000      0,00000      0,21992
  173,0      0,44424   0,0013      0,22240      0,00000      0,00000      0,22184
  174,0      0,44795   0,0008      0,22415      0,00000      0,00000      0,22380
  175,0      0,45179   0,0004      0,22600      0,00000      0,00000      0,22579
  176,0      0,45577   0,0002      0,22793      0,00000      0,00000      0,22783
  177,0      0,45988   0,0001      0,22996      0,00000      0,00000      0,22992
  178,0      0,46413   0,0000      0,23207      0,00000      0,00000      0,23206
  179,0      0,46852   0,0000      0,23426      0,00000      0,00000      0,23426
  180,0      0,47305   0,0000      0,23653      0,00000      0,00000      0,23653
